h = 1/16
norm_2 = 0.232440523833240
norm_inf = 0.672852981282253
Takes 23 seconds
0.006968245336860 0.103756117022419 0.082886086838951 -0.040537859746017 -0.114033405063655 -0.046750345326875 0.078252237027163 0.106642118129394 0.003368117710403 -0.104064272286894 -0.083015464535725 0.040526973675582 0.114033194794109 0.046746921129716 -0.078343994608661 -0.107422756736047
-0.111273299563162 -0.320794949155983 -0.117582539683862 0.230721734104757 0.293946195200633 -0.005773276698828 -0.298365716528482 -0.222585721913229 0.128006018548178 0.320557288529521 0.117337903684027 -0.230750806802714 -0.293948215570617 0.005757439892734 0.297967801388823 0.219123732055255
-0.148092994523901 -0.552025381656639 -0.269502421093962 0.345654755678876 0.533952128683839 0.062999258237084 -0.485735287707312 -0.434764824138749 0.152980724519750 0.551851202865498 0.269387892628984 -0.345670740851944 -0.533954888454667 -0.063024553414763 0.485153779216888 0.429606842090476
-0.097866597378549 -0.459399164957930 -0.264714531408771 0.256505103433799 0.461112551644145 0.096427222488426 -0.387309655365004 -0.392861220096833 0.086626686503318 0.459162413922285 0.264801003365418 -0.256492596309646 -0.461113701164679 -0.096448676413307 0.386865095323499 0.388846347070956
0.009488236705769 -0.097702093229579 -0.104690313170949 0.017218454829176 0.118073073173818 0.073183298360261 -0.062059028087392 -0.120681333322371 -0.030306502969422 0.097485735946700 0.104918852222359 -0.017184355951108 -0.118071637562361 -0.073188493468995 0.062010320565223 0.120150772917644
0.111250016636520 0.321209279852318 0.116714769083587 -0.232096498452003 -0.294144586350137 0.007001605617951 0.299505511225969 0.222229871580433 -0.129418172328736 -0.321282256628307 -0.116480617910097 0.232131900630289 0.294147811621003 -0.006987473047961 -0.299129572622142 -0.218962342282938
0.147840805627674 0.551958306996828 0.269757040357376 -0.345443390460714 -0.534056678337528 -0.063290964491817 0.485616904851074 0.434966003605120 -0.152708357666749 -0.551843922074138 -0.269654687400586 0.345459262205994 0.534059805386959 0.063316160137849 -0.485036433780952 -0.429813496336650
0.097828660642028 0.459377668355271 0.264779652505404 -0.256433589444471 -0.461125406342132 -0.096509026305052 0.387259931021183 0.392904995371303 -0.086543451750571 -0.459142483331039 -0.264868983856736 0.256420635655519 0.461126606171383 0.096530530039497 -0.386814941045586 -0.388885640898771
-0.009490120272989 0.097699879607487 0.104697887401567 -0.017208504365399 -0.118073071813859 -0.073193324422400 0.062051356316815 0.120685497245254 0.030317365364601 -0.097481585113574 -0.104926537437256 0.017174323234025 0.118071645002702 0.073198541805713 -0.062002513635784 -0.120153768259326
-0.111249702981027 -0.321209143326379 -0.116714480323315 0.232097064721563 0.294144855912651 -0.007001945452291 -0.299506032608354 -0.222229925279387 0.129418655485627 0.321282681329392 0.116480460222410 -0.232132445882280 -0.294148070977841 0.006987821937282 0.299130117261491 0.218962545585783
-0.147840790664768 -0.551958395935507 -0.269757194322264 0.345443424491490 0.534056903066420 0.063291119802972 -0.485617002810179 -0.434966229135011 0.152708285749019 0.551844093863805 0.269654891298707 -0.345459277776943 -0.534060021067055 -0.063316308923110 0.485036540999078 0.429813760411461
-0.097828306467483 -0.459376764691716 -0.264779195012056 0.256433062945768 0.461124557195721 0.096508910567476 -0.387259164702425 -0.392904289035280 0.086543228510779 0.459141607361337 0.264868537148850 -0.256420101431902 -0.461125750668644 -0.096530410826733 0.386814159756694 0.388884797066301
0.009485031966616 -0.097712223783138 -0.104703949297652 0.017215960634647 0.118084848275665 0.073194893678600 -0.062061926299686 -0.120695153221363 -0.030314183816614 0.097493677121260 0.104932611122521 -0.017181766415156 -0.118083414092240 -0.073200092801727 0.062013280220773 0.120164970360578
0.111264795350188 0.321245392677662 0.116731364466707 -0.232119848825749 -0.294179199258132 0.006998428521736 0.299537684185229 0.222257669245172 -0.129429071424489 -0.321318396635814 -0.116497379330715 0.232155211757436 0.294182411332346 -0.006984336957182 -0.299162267069512 -0.218994373020537
0.147376358124527 0.550926108735529 0.269303109572206 -0.344771087913694 -0.533086872191134 -0.063220530355708 0.484701053889064 0.434194604129555 -0.152382913039387 -0.550823439099664 -0.269199088305020 0.344787482505059 0.533090097759271 0.063246305140552 -0.484110384454699 -0.428955349527911
0.097521766407831 0.458662450116892 0.264368130083457 -0.256053742606212 -0.460421787907518 -0.096349646965835 0.386678379379310 0.392300514010693 -0.086424553277974 -0.458447002262388 -0.264455584312713 0.256041560689018 0.460423137171809 0.096371853028095 -0.386222802380559 -0.388195977051885

0.024271194384883 0.122599539478879 0.089630320832363 -0.052931189844971 -0.130331971432964 -0.046870945692947 0.094453858190832 0.119162961176667 -0.003250372077921 -0.121650676915973 -0.089857034202419 0.052876963295093 0.130325262626365 0.046846577662416 -0.094926847435083 -0.123236618649560
0.020261579262220 -0.024651587750022 -0.009252622693583 0.021537488187790 0.025595780861862 -0.002079938752838 -0.027207204220608 -0.018743752892536 0.012861738880627 0.028587757493035 0.009018339998570 -0.021685981296325 -0.025625242732150 0.001972816232420 0.025393307580721 0.003391678961231
0.036078441473338 -0.149455471383248 -0.159164417418440 0.029155583409010 0.181672853960608 0.109841545765035 -0.097618853181098 -0.184556513200793 -0.043634225309640 0.151160395699079 0.159327306078007 -0.029217543154204 -0.181704530782339 -0.110015124456789 0.094958068033888 0.162107937778212
0.034490133356240 -0.184348925004826 -0.227126841683620 0.006332180460010 0.232217145253513 0.171498280743233 -0.100950291532487 -0.248762504752166 -0.089444214311885 0.180304906991475 0.227443539840579 -0.006228113023350 -0.232223951414073 -0.171651847340506 0.098824230526364 0.230872249496159
0.012639874013668 -0.111080646482884 -0.163118440209479 -0.021866078193989 0.146413309282499 0.134111145719998 -0.043741524946340 -0.167588898056144 -0.084525727736103 0.102895698468070 0.163278656567541 0.022071986755268 -0.146389953045605 -0.134157636885085 0.043364676415021 0.164481703767008
-0.016738539549653 0.027182638588683 -0.003437425972704 -0.037164795140882 -0.025245206347377 0.017996241208718 0.039048223166736 0.011890660589458 -0.029947968601675 -0.034811885696242 0.003304142816451 0.037341173054286 0.025282855468103 -0.017908823007427 -0.037455305479280 0.001604152941878
-0.036338954678193 0.149492267456072 0.158316080948152 -0.030612462319526 -0.182121983834293 -0.108751435193343 0.098899413773625 0.184445833788027 0.042268881878342 -0.152094685339700 -0.158677030126449 0.030649508602110 0.182149952272456 0.108921313476984 -0.096268526545244 -0.162243438230364
-0.034655353774945 0.184225266512645 0.227336073852781 -0.006116276663855 -0.232314346121665 -0.171807793984068 0.100805456239738 0.248960127942129 0.089740167180254 -0.180276027148037 -0.227717388042295 0.005989641238129 0.232315297651254 0.171960386338798 -0.098677548113139 -0.231054031257562
-0.012671040533461 0.111040955335225 0.163184216884628 0.021961302462063 -0.146420829199568 -0.134221297866777 0.043661531137942 0.167637001807229 0.084642341771999 -0.102854604802227 -0.163363833939139 -0.022178273804949 0.146393797726036 0.134267022204062 -0.043283224642636 -0.164516591241032
0.016735972644305 -0.027189360438886 0.003440852139690 0.037173270715545 0.025243377946658 -0.018009554955206 -0.039058102391684 -0.011885495453844 0.029961562603938 0.034817028999538 -0.003313833262400 -0.037353742198070 -0.025282787155776 0.017921454660112 0.037465064732002 -0.001607934478478
0.036338646454055 -0.149494228634942 -0.158319127264651 0.030610470485173 0.182121900422792 0.108752148707933 -0.098899565946894 -0.184447133626443 -0.042269980819573 0.152095024994683 0.158678343739649 -0.030648857193601 -0.182150773912962 -0.108922607218626 0.096268316950313 0.162244438276593
0.034658276818515 -0.184217850968334 -0.227332898063167 0.006110877967549 0.232306469190215 0.171806567120901 -0.100799052137694 -0.248954395244340 -0.089742423634348 0.180268448710247 0.227713796508321 -0.005984827702825 -0.232308031160229 -0.171959670882135 0.098670589513987 0.231046482504603
0.012638917137759 -0.111118912763710 -0.163221053601336 -0.021913573137950 0.146493828519186 0.134229119983755 -0.043728921043234 -0.167696709961196 -0.084620843736369 0.102930668885391 0.163400512543337 0.022130269814761 -0.146467207370085 -0.134275064138979 0.043352146405549 0.164589553925169
-0.016652763572750 0.027386049185092 -0.003354607428338 -0.037300182525194 -0.025426691634469 0.017995803472615 0.039230606668082 0.012031071773762 -0.030022777267636 -0.035009524790774 0.003227689197622 0.037480293849784 0.025465753364676 -0.017908298106662 -0.037641863653700 0.001430680487721
-0.038283959180858 0.145416324623081 0.156784015092239 -0.027810148567339 -0.178452456534749 -0.108742205273551 0.095238124803820 0.181634735364165 0.043778818657423 -0.148127850148676 -0.157150849605789 0.027850802808553 0.178482194037175 0.108917539046895 -0.092540062653270 -0.158898316028017
-0.036682377878085 0.179716721829421 0.225249323388972 -0.003378950551832 -0.228145512306887 -0.171350287425546 0.096988192863286 0.245581359197227 0.090971612992232 -0.175954648354271 -0.225641346283961 0.003257258549206 0.228148628768593 0.171510174755917 -0.094774889654518 -0.227018317830953

0.061863111673070 0.115509415806423 0.032470861145300 -0.088889316555843 -0.100358508756419 0.012053816671356 0.109575316268697 0.071810473463454 -0.054613928064817 -0.113610136440357 -0.032339533493222 0.088858141890719 0.100342975331620 -0.012118776613675 -0.110577051231101 -0.080399221993522
0.162836200646343 0.227484161871681 0.002916707102435 -0.220506513537872 -0.170740402680617 0.089824984291221 0.239458672102611 0.093443327563813 -0.167940323560389 -0.221979164787456 -0.001955311338704 0.220480742335162 0.170678756778229 -0.090104354265482 -0.243056244811707 -0.122707380405967
0.183739492119268 0.190150715691640 -0.098662887693801 -0.268861434182835 -0.106314242012764 0.187662618419116 0.249944389439125 0.003631902835824 -0.247165087257691 -0.192803770345938 0.099599200863311 0.269030250206852 0.106265260334417 -0.188110827844042 -0.255054418731543 -0.043691222055360
0.100945708157165 0.039529839963087 -0.167873049227620 -0.184633116616795 0.025536866868890 0.204406672629056 0.130974264062694 -0.104157411598927 -0.210693018502899 -0.057100081935232 0.166990201138736 0.184905322127366 -0.025509902154184 -0.204805034541809 -0.135042866524659 0.073497985647915
-0.040535979691937 -0.134601631198083 -0.144905277930219 0.000320278098211 0.142116486951999 0.108521956463767 -0.058955901699859 -0.153627804545334 -0.058624980757765 0.108758030156842 0.141864584541494 -0.000181283042712 -0.142019277334033 -0.108648096985191 0.058174597280920 0.149268206843684
-0.158330262151106 -0.230033923393829 -0.037918970399809 0.183840669859411 0.175084025682000 -0.050018693343065 -0.213292595575191 -0.113209904670316 0.126646750220085 0.210140945533945 0.034188197289803 -0.183973344423668 -0.174977992174238 0.050236383786065 0.216230670750422 0.137498759760883
-0.183414590557608 -0.190764236915117 0.091288904233552 0.259648959315884 0.105407684033061 -0.179322267262362 -0.242657021305352 -0.006391331661682 0.237766165521387 0.188369536449125 -0.093594143056314 -0.260000147609537 -0.105360900303767 0.179755254078224 0.247593092150902 0.045094332754126
-0.101065970207059 -0.039758754454437 0.167056023608590 0.183406272070627 -0.026020689016996 -0.203640321395065 -0.129918772961057 0.104196817527251 0.209667316577158 0.056275542054077 -0.166595613116900 -0.183778801942875 0.025977349345091 0.204034239815236 0.133962716946735 -0.073741982998832
0.040484482458998 0.134534466327421 0.144970293933255 -0.000262323462816 -0.142205683605919 -0.108681191769337 0.058912530604343 0.153751159895330 0.058762201986697 -0.108776483042128 -0.142015965662913 0.000083877878140 0.142096209509419 0.108804918267956 -0.058129221167464 -0.149381731348213
0.158319930083567 0.230019672216604 0.037962963927863 -0.183777902154192 -0.175089706087265 0.049941029031149 0.213233882163853 0.113241104709167 -0.126564508559442 -0.210109274415801 -0.034246216722780 0.183897272999499 0.174977852700042 -0.050160061541975 -0.216170050310823 -0.137516720932599
0.183411622078345 0.190756664390489 -0.091286039678560 -0.259636039482484 -0.105403022112096 0.179309819701595 0.242641233277588 0.006391210810592 -0.237750546132587 -0.188357452905627 0.093587783862540 0.259983207711042 0.105354324020240 -0.179743212823778 -0.247576593632024 -0.045089949720484
0.101073867752404 0.039779055225164 -0.167047114356477 -0.183420464786745 0.025999945498954 0.203637964181827 0.129937496183807 -0.104180084370469 -0.209673132092333 -0.056296655617741 0.166585303352349 0.183792038918537 -0.025956904611174 -0.204031884924869 -0.133982070300381 0.073719838383596
-0.040557920014581 -0.134709355790273 -0.145039341299745 0.000383037844687 0.142366541185770 0.108683582381444 -0.059071359335707 -0.153874902421270 -0.058697927384580 0.108949507450413 0.142084158845317 -0.000204687381926 -0.142256787532244 -0.108806386770635 0.058294315366492 0.149546966989863
-0.158153126142029 -0.229642031637009 -0.037838393487758 0.183495566792120 0.174750466514605 -0.049917743903439 -0.212876564157324 -0.112990717386519 0.126398964951275 0.209732261096370 0.034123239201215 -0.183614381374452 -0.174638477219864 0.050135793948538 0.215800975208249 0.137181789066406
-0.186772115462207 -0.197124339767664 0.089982600737178 0.264892265718624 0.110672042197812 -0.180542067381958 -0.248852947145350 -0.009912780845129 0.241267078827715 0.194570501386860 -0.092349025321838 -0.265248015983012 -0.110621078603448 0.180991241881276 0.253951463960328 0.049819997321096
-0.105386995501206 -0.048691602271251 0.164252729796398 0.189926915206994 -0.018315852048812 -0.204274549322698 -0.138107737568989 0.098563987910147 0.213545054464889 0.064876193980793 -0.163890708604084 -0.190309005438059 0.018276884123344 0.204693212007695 0.142396340695957 -0.066348419507799

0.093119503072371 0.087295573577386 -0.047191165090840 -0.123572273756945 -0.047008428918525 0.087658666453024 0.114101627216614 -0.000330214371071 -0.114354591878423 -0.087193012499100 0.047619884273506 0.123638903525013 0.046999112017293 -0.087769585204772 -0.115602526256786 -0.012426815675552
0.282307715163710 0.420159865372627 -0.044934306174159 -0.459807200356137 -0.305904674975811 0.226002041435650 0.478907275845199 0.140534460263553 -0.371347977891801 -0.424751993432463 0.046256533119142 0.460151254522903 0.305882059245822 -0.226476161560285 -0.484144615351673 -0.181829703042489
0.288289247035327 0.444317245204568 -0.092808555480024 -0.537619192883369 -0.319744023324970 0.293297382972438 0.544333774212314 0.123328424670490 -0.449942771249940 -0.467699994738602 0.091979969486982 0.538090962748376 0.319778655274714 -0.294042824030489 -0.551436531066123 -0.175447938980555
0.123129057516401 0.190246255513617 -0.125729901728048 -0.326340926764217 -0.130129418303356 0.226571122867850 0.303696370439978 0.005907802858291 -0.299170628275756 -0.234883212180736 0.119397939245969 0.326258500219098 0.130233593621402 -0.227217017001536 -0.309057814691414 -0.041742030703564
-0.114543612163583 -0.180039691395882 -0.099521358858075 0.062482756312439 0.137327956532795 0.041514217001183 -0.105465930359501 -0.122177240943937 0.011965261695358 0.131335589968242 0.088554123991061 -0.063563436835886 -0.137236283018491 -0.041700570650119 0.104749610362504 0.121894189153304
-0.285269935878013 -0.446039805529735 -0.018872748931219 0.410363589986461 0.323771414028282 -0.164233891601548 -0.449538444397036 -0.179785847457260 0.311947479922163 0.418541342803756 0.008390376445851 -0.412117762109287 -0.323783016631056 0.164609803032119 0.453811562328052 0.214610804947121
-0.288943024598412 -0.450997448330473 0.072162064243690 0.516997887775439 0.320236332912550 -0.273268188966467 -0.529594522332630 -0.132066241063695 0.428521536915288 0.460043799759233 -0.076418405752246 -0.518525012658641 -0.320370176893950 0.273982304011772 0.536339416703925 0.181466968753053
-0.123369732287259 -0.191798910296552 0.120889922157868 0.320719070100928 0.129036774926004 -0.222251008670732 -0.299376730966121 -0.006926992533257 0.294072244566123 0.232000899162521 -0.116505376306336 -0.321162326144634 -0.129226550746283 0.222882625225040 0.304642156106632 0.041957001389219
0.114470032975268 0.179752014018823 0.098820129972080 -0.063411396323176 -0.137757984620471 -0.041075806617691 0.106189677751861 0.122285341346685 -0.012606890665355 -0.131934560862739 -0.088370778218713 0.064302816759770 0.137618958753366 0.041253708075384 -0.105487255806651 -0.122140591725045
0.285255380764630 0.446009236853422 0.018869430889830 -0.410390076907513 -0.323857702851820 0.164151967275234 0.449545183359539 0.179868190168456 -0.311892067622253 -0.418581303614711 -0.008476320471270 0.412091990900323 0.323849384276308 -0.164532600495626 -0.453817211002165 -0.214692270979633
0.288937946582776 0.450989294594204 -0.072139314139557 -0.516959090163452 -0.320234368906103 0.273221573134101 0.529551082375482 0.132077313215775 -0.428470280756420 -0.460015787112581 0.076388563485074 0.518474163898589 0.320361162636766 -0.273937990692153 -0.536294494142934 -0.181466385149505
0.123383131411369 0.191834409296469 -0.120871085316430 -0.320738369227746 -0.129071365280830 0.222241435861953 0.299402023372364 0.006954846085641 -0.294076695497418 -0.232032348167321 0.116485688923814 0.321178682920622 0.129258725540917 -0.222874558754471 -0.304669695843307 -0.041995244889863
-0.114578615396844 -0.179998271888648 -0.098873157785115 0.063634379674442 0.137984100117035 0.041024798481234 -0.106455861357477 -0.122438702654501 0.012755335402432 0.132201358991958 0.088426460584372 -0.064527004318214 -0.137846063971932 -0.041201933159563 0.105765472364126 0.122374163235384
-0.285036232147505 -0.445555527735709 -0.018834287524506 0.409926249546387 0.323464652314631 -0.163987625525931 -0.449026168767903 -0.179635585932316 0.311550825424484 0.418087384163832 0.008439470800203 -0.411626324205026 -0.323456416738495 0.164365342123837 0.453276321174345 0.214316193580679
-0.293098472579092 -0.457793688968232 0.073055570296693 0.524737573425701 0.325187213002923 -0.277251822005545 -0.537596099678864 -0.134204792103619 0.434887058710695 0.467054426740033 -0.077418197896848 -0.526300561227030 -0.325318489226394 0.277997332734042 0.544607229375006 0.185465551645290
-0.129539928336854 -0.203494104235733 0.119915423318329 0.331933438011916 0.138475785494042 -0.226297820321046 -0.311921806538764 -0.012481055177014 0.302367127971953 0.243903823753404 -0.115690031807841 -0.332440622891796 -0.138668241095675 0.226982819630008 0.317646155965953 0.050621050245038

0.110119783361482 0.043655298622633 -0.126634073615919 -0.144877813696731 0.015881348356323 0.157161889786778 0.104430332153977 -0.077232053250739 -0.163541280899507 -0.047937099218995 0.126851688319200 0.145023946258189 -0.015869460904109 -0.157308309136774 -0.106271444784972 0.061728367788813
0.357310120980103 0.534824178458221 -0.119480469052383 -0.651675172321171 -0.380663766316584 0.360743522486478 0.656899537441597 0.142044389744910 -0.548182786566665 -0.561605658119427 0.118347740135301 0.652178779529336 0.380742227125754 -0.361367719879960 -0.663256318171509 -0.190976138851132
0.340107829002410 0.594569770259592 -0.127064569298337 -0.748184891649881 -0.453649468957512 0.400774044070868 0.760615255117116 0.181438920849357 -0.621739675869867 -0.657297860088835 0.118664211304357 0.748107240122907 0.453798145301984 -0.401731432102126 -0.768818053225031 -0.238285387560509
0.110388772893050 0.261401374124271 -0.114585621305991 -0.423807948738362 -0.226938045649434 0.247978771451561 0.416812717502098 0.071137831105762 -0.362343205305657 -0.348461231457656 0.095640865586537 0.421648106278474 0.226963342418540 -0.248775488091601 -0.422401387440902 -0.103622465166580
-0.187348237464978 -0.239841073339797 -0.060703820118279 0.131523769418698 0.139847074854313 -0.028718702817013 -0.162141688405437 -0.095293807512543 0.089240445424716 0.163600477523825 0.035973107578468 -0.136075464728363 -0.140169128706056 0.028524554247271 0.162268333489378 0.104965165931686
-0.376242465615668 -0.605052131423826 0.019392140691752 0.601436297187279 0.424825265239807 -0.281030456469099 -0.640617654934439 -0.209272143044906 0.480475192236412 0.577018076269767 -0.038844070787686 -0.606745457286039 -0.425496838393273 0.281531521422063 0.646300819369700 0.254624595761717
-0.344969948964620 -0.616961890161641 0.085551848512397 0.716311264224719 0.460352134717040 -0.366859539532320 -0.741915086021654 -0.201072381761657 0.588025329539205 0.651131301892798 -0.089669299779254 -0.719749901988436 -0.461095550902385 0.367744164298477 0.749794769021951 0.255219342544129
-0.111665487139727 -0.267678400837697 0.101103337129078 0.410982578786358 0.225944539667521 -0.237532080185118 -0.408192451118226 -0.075034777864399 0.350739877079176 0.343478320561593 -0.087851219961315 -0.410703284731971 -0.226376625865268 0.238270302194258 0.413645051096329 0.106179628505574
0.187045568678817 0.238386266962633 0.057387970993810 -0.135161543570848 -0.140884276902213 0.030919867269879 0.164679578603306 0.094997607491032 -0.092010694418717 -0.165425379013827 -0.034599757545099 0.138951590073099 0.140997713026370 -0.030766418844833 -0.164849275250047 -0.105106544597642
0.376189315349881 0.604813489036400 -0.019933895578364 -0.602126448620155 -0.425198932062093 0.281237962791994 0.641077262416573 0.209395297229393 -0.480845734893124 -0.577426030123538 0.038902122277555 0.607197895003270 0.425785555334762 -0.281761622760062 -0.646770210464983 -0.254835655950361
0.344961053948701 0.616935554678946 -0.085579075002548 -0.716354539419561 -0.460421016490760 0.366803298161289 0.741916921325280 0.201120654478848 -0.587993184263574 -0.651155763471184 0.089618258978874 0.719735320577044 0.461135697718240 -0.367697815625245 -0.749796764724255 -0.255264879136812
0.111683124565046 0.267724660931277 -0.101083817033283 -0.411019555408999 -0.226002349643288 0.237514531895198 0.408229984616065 0.075077838706029 -0.350745570440521 -0.343526029285857 0.087820347514082 0.410727375016560 0.226425977421688 -0.238256705806051 -0.413686045037701 -0.106239400337256
-0.187168461613254 -0.238639320313476 -0.057348261826812 0.135512497526729 0.141128801070787 -0.031084744872670 -0.165052597120973 -0.095119217323630 0.092290411191583 0.165761078388465 0.034577008398322 -0.139304637644872 -0.141244796354250 0.030933021547551 0.165242561695934 0.105351384767043
-0.375969542524220 -0.604434507879286 0.019731654297070 0.601470595755642 0.424878899506731 -0.280824969169463 -0.640439229918134 -0.209319401926596 0.480265975999820 0.576906506276266 -0.038719943590535 -0.606538963806989 -0.425463834956497 0.281345429265982 0.646102867744061 0.254570808414610
-0.349158895422887 -0.622375865342899 0.090201447453135 0.726515125692083 0.463574812938070 -0.374639115349831 -0.751096534379891 -0.200314455026806 0.597790085367720 0.657848043797498 -0.094292980310740 -0.730004925550906 -0.464315997298955 0.375574160480147 0.759336702239285 0.256858896938379
-0.118708368459187 -0.279614041211792 0.104513133697642 0.427307972143444 0.235129259120509 -0.246930519692195 -0.424607139397595 -0.078203766487963 0.364730063676447 0.357355458396345 -0.091220072114026 -0.427157726670255 -0.235591511259393 0.247751643866927 0.430746477040204 0.113794387462645

0.110085549406026 -0.007892569794518 -0.189962762578013 -0.146850821144179 0.076933732900145 0.205821586290330 0.080637844866513 -0.144095468471056 -0.190922791090786 -0.002030526536656 0.189368510548910 0.146965311429062 -0.076903199069083 -0.205983506590136 -0.082579567117090 0.127899823398575
0.376348303133214 0.559856371256633 -0.194136230305150 -0.758777751306807 -0.393198785617327 0.457700379464007 0.743692402164469 0.111550631682926 -0.658307153669178 -0.615396722208004 0.187301918734560 0.758743023926484 0.393334416883336 -0.458391672546881 -0.750391071223672 -0.162080030891765
0.334600541279765 0.631281666703326 -0.180089458891254 -0.868468905370821 -0.505416465894906 0.479143325541942 0.872228201827057 0.188554685275549 -0.727883773732210 -0.745648998810176 0.157186893682082 0.865937882706946 0.505432442197716 -0.480188815872711 -0.880454831830690 -0.242678328494297
0.070746199857035 0.256586150624023 -0.131700822261063 -0.475554042003168 -0.267389904386703 0.264130159458930 0.468962035778995 0.094916932143429 -0.396256796311040 -0.398187216144200 0.091496244366536 0.468196702960601 0.266709228318504 -0.264993986283541 -0.473723598498073 -0.117619395305344
-0.242719071355488 -0.298753907413361 -0.045775275474861 0.177401915905548 0.143329689090257 -0.077932408684583 -0.204570344145239 -0.078657957569675 0.144433698615153 0.189221951779843 0.000391780608013 -0.188932606247143 -0.145050418123201 0.077691574144094 0.206211040278410 0.101516292422035
-0.416587161466163 -0.689838886590519 0.049426105095440 0.713835881623309 0.472429600171260 -0.362079988517917 -0.751775961942443 -0.213533237307760 0.588379494598908 0.663879361200652 -0.080263935476686 -0.725306549367067 -0.474802418756967 0.362528214326463 0.758891904051436 0.268242433776702
-0.347186558640143 -0.680152414645043 0.109440730183409 0.826517848630908 0.524177791504742 -0.430093152566787 -0.855235684966830 -0.224844934327498 0.683125636502822 0.747697351284433 -0.110857213341151 -0.832526888105881 -0.526189833663596 0.430906050027866 0.863651710178236 0.278996247589167
-0.074599308164505 -0.272890541133174 0.103614375868802 0.453230085999949 0.268309783535054 -0.245221610353336 -0.456579329674785 -0.104558295400261 0.376484105674176 0.392702159332510 -0.075918785069748 -0.450787817096963 -0.268957462482518 0.245886404092539 0.461357013515420 0.126267445472926
0.241652236485969 0.294069197743323 0.036749340436677 -0.185965436461857 -0.144942505660932 0.083415007752183 0.209784087815328 0.077034714700938 -0.150904803421593 -0.192549638669872 0.003533990567982 0.195266072623010 0.145975727030662 -0.083304093083332 -0.211446871608531 -0.100528346768983
0.416346077607195 0.688759094593555 -0.051673030887054 -0.716282105450052 -0.473345698328926 0.363173250687739 0.753289210395963 0.213534810192773 -0.589902242233783 -0.665046634506097 0.080893938502780 0.726956619026114 0.475437084458916 -0.363687037397633 -0.760419951766081 -0.268477713739253
0.347145023273069 0.679972984193211 -0.109815371031479 -0.826979141594574 -0.524452543870721 0.430169223319479 0.855492786038440 0.224941220135144 -0.683314583410765 -0.747938866908861 0.110861486870542 0.832771930156796 0.526373807452482 -0.431008022812322 -0.863912347998492 -0.279135398042460
0.074615611131892 0.272923842545471 -0.103645574421551 -0.453346348148800 -0.268420522990410 0.245217095884514 0.456667724305576 0.104622859048903 -0.376525379173367 -0.392798774431249 0.075886094105507 0.450859463142149 0.269045068592938 -0.245891170993973 -0.461452304844681 -0.126366294272446
-0.241762192884080 -0.294250932914244 -0.036541201950201 0.186460535293605 0.145159330294093 -0.083741495819968 -0.210255351123324 -0.077071758188872 0.151346631253305 0.192924530846007 -0.003688948549628 -0.195759503091484 -0.146197882247245 0.083631269943135 0.211944304295306 0.100724542500085
-0.416174245084079 -0.688577250785948 0.051149326747261 0.715460404852293 0.473191626007430 -0.362467065222438 -0.752590492751837 -0.213705359647462 0.589072805704520 0.664582162661051 -0.080420083786150 -0.726129569987416 -0.475278545599098 0.362976840642174 0.759686331251458 0.268434727617520
-0.350680734517487 -0.682821655449495 0.118514617347367 0.838932948092394 0.525122889169652 -0.441746501684129 -0.865092510068094 -0.220726639463712 0.696138647571107 0.753539663556021 -0.119398695882021 -0.844906019921177 -0.527116755595405 0.442626813369146 0.873940119703694 0.277663596101317
-0.081381376781215 -0.282661935036131 0.112841081496928 0.474227863238850 0.275842401341468 -0.260549894971426 -0.475925205248959 -0.104055962454899 0.396213537447460 0.407300867295683 -0.084474411715197 -0.471932952041676 -0.276570805442298 0.261317093263797 0.481597946375447 0.131346228251823

0.093125579503349 -0.058946706019224 -0.225923388780629 -0.127905182665983 0.126303803648714 0.224494989398577 0.045554141222283 -0.189615465140021 -0.190676826299458 0.043678008872182 0.224106332575064 0.127843764962862 -0.126276636342970 -0.224650294202070 -0.047324526105064 0.175011490036710
0.337027553426613 0.494889417655162 -0.249128502709789 -0.759008206799372 -0.345261342798119 0.493319861748650 0.722906626956234 0.060044368278311 -0.676931597162710 -0.578142742389842 0.234439372969958 0.757565313139692 0.345290927274733 -0.493993471685802 -0.729050597245888 -0.105446090073932
0.274669192295362 0.557466567856767 -0.230827232714576 -0.875455139283711 -0.476616633867152 0.503923298662977 0.861741140555832 0.155739873901581 -0.742484557067276 -0.724000636931421 0.188357466143144 0.868143626316336 0.475939701337659 -0.504974813506938 -0.868903620825196 -0.200311614634101
0.013768449937705 0.187649897238358 -0.165394170589750 -0.477197570977470 -0.258265034513704 0.265000398786451 0.458814542847234 0.086101598712667 -0.392829067015327 -0.386731556550122 0.096839398045492 0.460827374047463 0.255717798271672 -0.265989104483106 -0.461952941733197 -0.095551587756768
-0.269048151641314 -0.340436484197847 -0.058374589926982 0.181439524832128 0.137458937783230 -0.095902682095410 -0.215139713816053 -0.069235121415499 0.162204315129515 0.193419736871629 -0.014160160324490 -0.204268752289643 -0.142230651669886 0.095323650641347 0.218544108745070 0.104568362769040
-0.399353525115258 -0.688819631293792 0.054683650493188 0.716848331917808 0.458545435202506 -0.383338820653353 -0.757054757921727 -0.196991559581863 0.606243670938731 0.661021012506408 -0.100309097737425 -0.737786828911839 -0.464286372859154 0.383250644572682 0.765313316883219 0.257473694645028
-0.297472805557957 -0.640851852539191 0.123827949166355 0.822937284996792 0.510813625330794 -0.439347614446674 -0.850875036724880 -0.212905651852406 0.687776463072100 0.739310061766251 -0.121923296924455 -0.832602830188532 -0.515150300357994 0.439592929658182 0.859233553859931 0.263076825373342
-0.021866163408064 -0.219721481559761 0.116305165654806 0.443074051616586 0.262918350991097 -0.235913067772179 -0.444166223460769 -0.104703088602263 0.363834390073942 0.383140112336746 -0.070588734087213 -0.437140080687563 -0.263817635140975 0.236218919516829 0.447733419719908 0.115004372685812
0.266417123449411 0.329543654790364 0.039505625706355 -0.197569360491374 -0.139501543870580 0.106153754057590 0.223398581993815 0.064848466462925 -0.173910144805237 -0.198001734037540 0.022360231328531 0.215129772603264 0.142356497404374 -0.106029674048896 -0.226720823532605 -0.100538998512434
0.398614299644852 0.685661926976700 -0.060671910217963 -0.722779947147536 -0.460388645187842 0.386075437551129 0.760255473876247 0.196471086759527 -0.609898711017972 -0.663307473931847 0.102213543087846 0.741532288500336 0.465254923947436 -0.386230763246549 -0.768527451910928 -0.257277755217168
0.297301884285070 0.640109868928296 -0.125319588864734 -0.824599095342225 -0.511602134732318 0.439807801092744 0.851742303313896 0.213011028052327 -0.688590944465863 -0.740044942236091 0.122174475715178 0.833530477820623 0.515611708537473 -0.440158514188784 -0.860117035643814 -0.263301857553352
0.021852949553780 0.219622207315117 -0.116622400419436 -0.443532950252916 -0.263215781249762 0.235977569957410 0.444429596485989 0.104806619677018 -0.364029388949601 -0.383395659553468 0.070587676339156 0.437394972377072 0.264014511646913 -0.236321428300637 -0.448012138533567 -0.115179087893528
-0.266495522590105 -0.329618027651694 -0.039145934052471 0.198129610783478 0.139617228022166 -0.106642912935184 -0.223909411318061 -0.064760883918589 0.174484323403877 0.198352711049007 -0.022665879002923 -0.215714502056430 -0.142497398236558 0.106512083810211 0.227261438927111 0.100629732663198
-0.398525432959943 -0.685744757698113 0.059825442363579 0.721846901319407 0.460429669733895 -0.385113180114851 -0.759553632516476 -0.196893974696836 0.608873514894316 0.662945736268268 -0.101465179997698 -0.740597813858124 -0.465288651674625 0.385265818298381 0.767790933049353 0.257487200144386
-0.299646600669581 -0.639864449034182 0.137253625722986 0.837174338766673 0.509797241977039 -0.453955972947606 -0.860899321054804 -0.205910705982895 0.703176443785465 0.744108144449777 -0.133649615310930 -0.846375190386682 -0.513958843801547 0.454331664574449 0.869737637409036 0.259064490352841
-0.027327068888467 -0.225506347211388 0.131300484654308 0.467319726203067 0.268160789251366 -0.256091847651937 -0.464957176623130 -0.100471558879574 0.387861822088860 0.397300545265277 -0.083777030071612 -0.461391888315613 -0.269171821023821 0.256512886804998 0.469575460376027 0.117116289942224

0.061900113647538 -0.101404228839647 -0.228271870557805 -0.090261991521653 0.156330745291324 0.209570042070530 0.004067806225986 -0.206442555551650 -0.162067725022925 0.082402048046336 0.225135401544739 0.089907395489605 -0.156339118468804 -0.209699954336545 -0.005411882505800 0.195543681277380
0.245774149844214 0.351896868063089 -0.271544567955016 -0.648754496165480 -0.245342567573607 0.457688564499443 0.595399396595093 -0.001932915929539 -0.596851257652248 -0.454871132815242 0.248707705320708 0.645214349159890 0.245039745753437 -0.458283327771074 -0.600137469767541 -0.032074217893732
0.170801100039878 0.389963376934275 -0.262364860620721 -0.762930630524930 -0.375999902035066 0.462665660042680 0.728253574333305 0.094670272915581 -0.655725946268126 -0.596517153689055 0.199173455485013 0.748938315374655 0.373897367594307 -0.463729629826900 -0.733432713218558 -0.124264110610740
-0.049570500810579 0.073241513644775 -0.201203976125958 -0.427010956895249 -0.209071268313414 0.242080581396770 0.389131758061145 0.055153852883664 -0.346859388299636 -0.320580366223265 0.101507197837184 0.398249525239286 0.203167341994324 -0.243454833960054 -0.390268023022550 -0.050916788580013
-0.260073487017860 -0.351756360696390 -0.093040940330378 0.137808629760674 0.114133322356957 -0.082829457642443 -0.186240482487189 -0.061227191431998 0.139310315395417 0.167905911421606 -0.010781402376756 -0.176165385366502 -0.124080869364334 0.081309169475219 0.191075535517034 0.104475155426084
-0.326264680563707 -0.600824697029514 0.029309354647051 0.600076155814436 0.380065246892294 -0.337125132359210 -0.647837026674543 -0.160967604874162 0.524360937112160 0.562323769498397 -0.093952907049640 -0.634217450108910 -0.391347000098033 0.335685686994005 0.656488783203846 0.220999913339765
-0.204482905408578 -0.510379218649934 0.115146056680592 0.696741985740262 0.423822026592156 -0.383811451741732 -0.724403655720352 -0.172835264942686 0.591688311012814 0.625667642046301 -0.112805265529337 -0.711972390603671 -0.431913196571320 0.382774882042832 0.732052960492494 0.215248202092552
0.035975299507130 -0.125497038848441 0.125678314601135 0.378377320979303 0.217957695428837 -0.202008753327048 -0.373424039395893 -0.084981434456111 0.307970650274324 0.320616330426832 -0.062579768019306 -0.368478916056944 -0.219256410521772 0.201659417924909 0.375643171761406 0.084941227516474
0.255024376254730 0.331483854465322 0.059934225987148 -0.164299876709917 -0.116542760300919 0.099131792198582 0.197604947168207 0.052494142352576 -0.157617904864824 -0.173217995909328 0.025027003446276 0.192389242327055 0.122286219241711 -0.098750540721726 -0.202119696689365 -0.095055385418078
0.324602498579818 0.593930242821586 -0.041643804417870 -0.611558343808193 -0.383196423089378 0.342384151458343 0.653284747183084 0.159287090363731 -0.531247564393666 -0.565939716034307 0.098071792190030 0.640990316074353 0.392428912645532 -0.341561570755743 -0.661899706745099 -0.219494917345660
0.204016629901423 0.508397321352396 -0.118936115597317 -0.700701367782874 -0.425474422567835 0.385048455609783 0.726312923281306 0.172802685223862 -0.593696272475376 -0.627186995130595 0.113649097452586 0.714139386516107 0.432735086772752 -0.384286803932097 -0.733982669851464 -0.215384326814226
-0.036071962507765 0.125041757335776 -0.126693153306566 -0.379601488582892 -0.218623060236438 0.202257780886769 0.374048723754589 0.085118448932378 -0.308519617979629 -0.321180531973793 0.062695905990841 0.369132514077925 0.219642738023015 -0.202010717646577 -0.376294784424748 -0.085199962910112
-0.255066737595218 -0.331471125666556 -0.059538879754291 0.164763332147494 0.116479291458466 -0.099726591379543 -0.198058558686221 -0.052276342790976 0.158227510327615 0.173463837318893 -0.025448983344382 -0.192957827298365 -0.122297914936604 0.099317534020964 0.202599096384277 0.095007095902192
-0.324611789274514 -0.594275902460246 0.040569238864691 0.610612462937186 0.383412833942114 -0.341283230621701 -0.652652339816349 -0.159902336131490 0.530143555840524 0.565709302344541 -0.097144418560577 -0.640050247087250 -0.392637359576261 0.340457482349074 0.661234078721672 0.219916345172409
-0.204868355153289 -0.505246001313651 0.132308131472589 0.712262451344865 0.421663946256026 -0.399808061183213 -0.734032312868375 -0.164034640131410 0.608109037357749 0.629448722547997 -0.126330152114238 -0.726105254242120 -0.429202322449914 0.399025954234033 0.742156811034971 0.209337471631509
0.032659877542431 -0.126291326335678 0.144971068295540 0.403518654111125 0.220821584325780 -0.224595789664940 -0.393661131356802 -0.077930370382942 0.333599563628240 0.333184085293299 -0.078587687207617 -0.393295505681382 -0.222220531960655 0.224363973943040 0.397000394831282 0.084457130982582

0.021201508067377 -0.128629843105030 -0.196260895434399 -0.039267990363176 0.162459662449398 0.162971354374500 -0.037788623534699 -0.191886716648901 -0.109070278753906 0.108409169525577 0.192043092804997 0.038572838227481 -0.162532419296142 -0.163062782181691 0.037068190109363 0.186299254504975
0.116735657685081 0.153799331153589 -0.255489043839629 -0.442509838434892 -0.108719328759744 0.354022116881981 0.378941713043406 -0.064013033380301 -0.427910309877637 -0.263486463517471 0.226247365381441 0.436640918726216 0.107883233023969 -0.354507284289996 -0.381600608411012 0.046239292648358
0.039632278594811 0.157732271080707 -0.263634814939138 -0.543209507769713 -0.219995165145967 0.356232778609009 0.488962668811985 0.017591833802029 -0.475462938195927 -0.381464338764982 0.183508981487795 0.521899820761762 0.215824340012971 -0.357397581310436 -0.491507413641502 -0.028617617502317
-0.108120501975663 -0.063449188148656 -0.225313910193236 -0.328185671434004 -0.130818693425253 0.191743604313617 0.268287950564528 0.011987311714527 -0.259207105456836 -0.210326153228803 0.098248787337763 0.285507019195802 0.120170174737627 -0.193949613456930 -0.267443886223501 0.004196208563623
-0.215457355556140 -0.325088951656568 -0.138365691368138 0.053440451293644 0.071068841220100 -0.046112417759807 -0.121250242759021 -0.050051134386462 0.082504102006447 0.113222884754708 0.004183076262453 -0.110020712584530 -0.088388379301414 0.042704160914857 0.126644307321236 0.094373279639377
-0.207412071807035 -0.436345948603927 -0.022738693058654 0.376146500816266 0.242950651457205 -0.231384807715737 -0.436481603004761 -0.107327295512692 0.353469710740755 0.377805851478382 -0.064280552435824 -0.426978940802247 -0.262377322563023 0.227280105778407 0.444230403282979 0.159065563970715
-0.082637292657077 -0.310551286547625 0.078205548321630 0.458781918389633 0.273171275979396 -0.268003464623885 -0.489908705516582 -0.111317590485734 0.403615606858846 0.420073868916407 -0.082095479615119 -0.482864829727256 -0.287248289465233 0.264416524119369 0.495850190365740 0.142020580205689
0.088639104190408 -0.010530178622066 0.120442580904032 0.261713403194555 0.141270510409086 -0.142251556754752 -0.252045524193867 -0.052908802670523 0.210654589373580 0.213923048658593 -0.046945374086625 -0.249814644100905 -0.144054214236524 0.140513325448273 0.252774453076860 0.044976060620780
0.207316907561240 0.292853759541232 0.087033927468906 -0.093608593179579 -0.075115744584593 0.068562720391942 0.135575343710925 0.035994515922630 -0.108323146679227 -0.119076678956472 0.017142678812254 0.132211702395294 0.084116222655543 -0.067846295426721 -0.140506534881217 -0.077944980409791
0.204346063878889 0.423809273211954 0.000932958709383 -0.395951233207994 -0.248394600163676 0.239621575687276 0.444587829350566 0.103856340022051 -0.364681503813421 -0.383021620225648 0.071485696855849 0.437716768000799 0.263429091668131 -0.237054787905376 -0.452320312048832 -0.155326699919138
0.081622233165899 0.306291575684630 -0.086127413267826 -0.466834772236500 -0.276470694227213 0.270323397260898 0.493343712044664 0.110945135669167 -0.407564456342246 -0.422783997310926 0.083959301242208 0.487004285817352 0.288570753309059 -0.267476078074380 -0.499358466721843 -0.141797136380757
-0.088929015937296 0.009260962203874 -0.123004486044396 -0.264603943243374 -0.142765552112912 0.142797615562142 0.253327845872182 0.053071971449526 -0.211908663378694 -0.215073762087838 0.047312922851055 0.251247432418831 0.144790185116355 -0.141359664117652 -0.254119958643114 -0.045313674589878
-0.207355793480138 -0.292923325904025 -0.086991812245941 0.093525305670131 0.074651606611553 -0.069161975113189 -0.135773228543924 -0.035642716613468 0.108754334238631 0.119044149998478 -0.017601113465934 -0.132529681179164 -0.083897789070692 0.068344859868004 0.140712861628177 0.077720339588392
-0.204459521081883 -0.424401093416383 -0.002158912144003 0.395018802378552 0.248675263678173 -0.238539133835167 -0.444058433295376 -0.104542115324805 0.363622663959419 0.382895043281228 -0.070524312599645 -0.436854401156846 -0.263730369670977 0.235959731908174 0.451763352934836 0.155856085027374
-0.080923365455195 -0.300969256534760 0.098616170085934 0.475531026934197 0.271305528643123 -0.283443422560450 -0.498612719785042 -0.102017117121049 0.419625869549423 0.423081883834081 -0.095792023163929 -0.496356529807181 -0.283885013681005 0.280484944491103 0.505016108077775 0.135149936328131
0.088003783540730 -0.005993321814880 0.141887750571729 0.285182229121204 0.142160472418858 -0.164068810035984 -0.269536231864126 -0.044469710883033 0.234623373682970 0.223843425621443 -0.063315181762708 -0.272260178473511 -0.144843622438257 0.162503191145072 0.271345551200908 0.042629052848622

-0.022739658716748 -0.136352936408483 -0.134574802955763 0.017452185200662 0.143741649758210 0.091664602808907 -0.073721944928909 -0.148096435100991 -0.039622623317466 0.117772066338870 0.129761674459979 -0.018457649787691 -0.143894393406147 -0.091711213377898 0.073726951413337 0.148624192987880
-0.030222429998283 -0.068421112869194 -0.202137996297752 -0.170748590310577 0.043676124934341 0.197217565827352 0.105962248609466 -0.116266956502761 -0.194941793277078 -0.032925752880073 0.169743649341513 0.162837064617659 -0.045146466580178 -0.197587779774173 -0.106192162247993 0.117124524937779
-0.098238015767222 -0.101464181146334 -0.230751151192338 -0.247199869673685 -0.032945420660963 0.198209686721204 0.178931800642636 -0.062212431014121 -0.226603312918789 -0.111194594766787 0.141509143853116 0.219491231440183 0.026416847883348 -0.199585783437778 -0.178631149859654 0.070521881426132
-0.151887945512846 -0.197543777048842 -0.228270729325396 -0.192470759870098 -0.037142240340249 0.117503123810789 0.113229559201585 -0.033862839095130 -0.139539853185526 -0.072916272719342 0.083757834971490 0.137016158400569 0.021060375709351 -0.120974105678598 -0.110863221329743 0.058119434357617
-0.140782996690655 -0.260099930032064 -0.182038196418434 -0.056999440611200 0.011729819750375 0.004616844915646 -0.030229713396670 -0.033660011845764 0.003387479324478 0.036183353360465 0.024340700762575 -0.017540680875235 -0.037726455328900 -0.010810866200093 0.034953969464260 0.071184604035393
-0.060098335902007 -0.217774014686435 -0.091408649784537 0.077880220913513 0.064470178807419 -0.084187673387246 -0.153470135331137 -0.041225256262698 0.120079253124313 0.132889067522504 -0.018349660906178 -0.146895129185133 -0.093917037587545 0.076154753287222 0.158803884640821 0.076866077366588
0.049472871221020 -0.072306573899157 0.016185078714610 0.141265427807051 0.079282261811293 -0.108490172709839 -0.180311503680939 -0.036941306588436 0.149885651575883 0.151252443881719 -0.034139717134548 -0.177329372927599 -0.101342282818575 0.101099296056464 0.183519802741585 0.052782961360533
0.127251073952778 0.104251165912685 0.095656101662808 0.106180939384876 0.044370686065375 -0.062319639262877 -0.096212614596808 -0.015234522507540 0.082897960448567 0.078238385936296 -0.023077547688637 -0.095857923399800 -0.050076814430315 0.058425375818312 0.095463699991347 0.002885523283629
0.129366556855072 0.215118543195022 0.110843071167538 0.000994278149502 -0.019330346151441 0.022882310118005 0.047258582224391 0.014430038880839 -0.036662663319678 -0.042780932611850 0.003839698874758 0.045731937647522 0.031241592356284 -0.021813123546916 -0.051582329962707 -0.047621166149260
0.055307946068000 0.198308978064397 0.057938804808782 -0.108126336519705 -0.073285412136283 0.095388931979699 0.164392644342055 0.035619872697691 -0.136233971544920 -0.139891418871666 0.029106740248251 0.162144258191388 0.094902820903818 -0.090359631351435 -0.169812844866420 -0.070277951547542
-0.051261011870483 0.064852560928754 -0.029851877032216 -0.154995025439161 -0.084944437076852 0.112105306149547 0.185643036703850 0.036045477348869 -0.156386700124598 -0.155465761196527 0.037392041497333 0.184038142948694 0.103261327371695 -0.106202829829734 -0.189005774463672 -0.051895873949603
-0.127847374906764 -0.106803324333959 -0.100620887089106 -0.111622821005673 -0.047125155709630 0.063294750960955 0.098441390960914 0.015400796424386 -0.085203928903695 -0.080227861972795 0.023849686100618 0.098440948200410 0.051297363515689 -0.060020745947126 -0.097797091412380 -0.003245137672228
-0.129451766196744 -0.215496629738965 -0.111615791876256 -0.002115623815459 0.018261375644304 -0.023335814708101 -0.046978082652408 -0.013964384829110 0.036664823839043 0.042296267146695 -0.004216482048403 -0.045534303624185 -0.030706613457362 0.022049359604362 0.051289770803974 0.047219707216703
-0.055517699514754 -0.199101007702647 -0.059230929260918 0.107216682124670 0.073503009160744 -0.094473211518413 -0.163972295082501 -0.036238049404388 0.135332053508381 0.139817056098846 -0.028261937815313 -0.161422827185097 -0.095194082469561 0.089417692460731 0.169377749806614 0.070792015928695
0.053324865036419 -0.058466545882735 0.039140727900054 0.159232391160384 0.079194376512515 -0.121509981845517 -0.187695444854697 -0.028475905972431 0.164156164986291 0.153829630981715 -0.046413371622662 -0.189304066924753 -0.098259215962760 0.115362174679010 0.191321851183462 0.045892648742779
0.129429291564277 0.113655765323305 0.116704288982312 0.125512486321148 0.043930862765963 -0.080185191370917 -0.109015830821046 -0.007044510966117 0.102028404026891 0.084718117570118 -0.037239047488238 -0.113173762110435 -0.049156498737368 0.076556286663217 0.109167878364593 -0.000422971100062

-0.063256525197888 -0.123426340810862 -0.052485564149770 0.071505316872201 0.103160151368061 0.006389597207968 -0.098479941693237 -0.081789938117470 0.035880663529711 0.109253007605224 0.047738321061956 -0.072715848428263 -0.103391626074377 -0.006391204354094 0.099211416479573 0.088370954121770
-0.172802216243979 -0.280932300153221 -0.118751436637928 0.126621382794327 0.189354188859748 0.010381143775738 -0.183253417244182 -0.150955032412202 0.067688491113496 0.202766257992745 0.087504832335610 -0.135793963169971 -0.191437280480899 -0.010650006996106 0.185485349866876 0.170381091390035
-0.221747285128164 -0.347357519614875 -0.165791669211353 0.083843937096525 0.158016706611313 0.010340294251753 -0.157692506078082 -0.132650668255356 0.055946898418664 0.175473685762396 0.078366258090002 -0.115495940192926 -0.166770283681212 -0.012033313721815 0.160720474062901 0.158964167139159
-0.173688816728662 -0.306134866905303 -0.204180313460258 -0.035064173881420 0.058537785786853 0.026494451730802 -0.056474474422744 -0.074475049841284 -0.001406370285357 0.073327848311691 0.057550342100276 -0.029274202941904 -0.079944110234040 -0.031624970885812 0.059712511636398 0.102599174128187
-0.046433799002291 -0.162800983115643 -0.211201722905076 -0.172398103025838 -0.056131008955618 0.056573195975636 0.070013045952648 -0.012113222446945 -0.081386834067416 -0.050474857665470 0.042764735888412 0.083230456938925 0.021018004077623 -0.066483720858544 -0.067311356333319 0.036171563180757
0.094299301116371 0.025198360584339 -0.162467537535750 -0.249211399972725 -0.132224787710562 0.077950223613692 0.158006096746904 0.030599445665343 -0.137999106367722 -0.136866865185068 0.033203102640707 0.162323814769496 0.091212205555052 -0.091466311755117 -0.156841550478392 -0.017422284197677
0.172275478108746 0.169347327127544 -0.062571114841759 -0.212478344895356 -0.133903387405729 0.068947119403340 0.160097256948253 0.041659777428612 -0.132161167795790 -0.143750513263970 0.022016649328304 0.160650518534454 0.101181920482551 -0.082057600843738 -0.161119288299660 -0.043434835948009
0.145613061124705 0.199391924799277 0.049248866966401 -0.072574917294853 -0.062703912491009 0.027153795603153 0.074478688012186 0.022919482047854 -0.060020177313020 -0.069801792130979 0.006412905056009 0.074740738091310 0.051008544924633 -0.034894300393116 -0.077314639679238 -0.037303089014060
0.031993242938804 0.105803946611833 0.120046694001369 0.098060647024574 0.040653866293162 -0.027530671032462 -0.050888931395698 -0.010719457132569 0.041715095294269 0.042075482521103 -0.009687565381025 -0.049494033845913 -0.028095053301564 0.028108046358491 0.047661450041796 -0.007591846241275
-0.101029497367520 -0.052553599848052 0.115257136739222 0.205665233064586 0.117454289534421 -0.065168196551193 -0.144470445257472 -0.038193898819750 0.116666480194896 0.127530833890450 -0.019146177943044 -0.142220789293364 -0.089765592247477 0.072939587314950 0.142586095294010 0.026620298965867
-0.175092501307465 -0.181082596097594 0.041063133829287 0.190630841987456 0.124186945680415 -0.064489972424372 -0.152658785984820 -0.043144536855697 0.122508233943865 0.137502752574303 -0.017226291518738 -0.150734080313156 -0.098316764276381 0.074579738686827 0.153154347681099 0.045033397855744
-0.146684950223998 -0.203947694613777 -0.058010218506148 0.062972714726907 0.057635730280280 -0.025906883135453 -0.071009426707699 -0.022732482716444 0.056205326234570 0.066535071386586 -0.005137482573543 -0.070497097815897 -0.049004399382264 0.032294911067538 0.073562009823918 0.036884808925190
-0.032225217146175 -0.106923717430719 -0.122495111296670 -0.101204983775952 -0.042910760766012 0.027251137935925 0.051933420000633 0.011318027780160 -0.042492004481115 -0.043330131294763 0.009489508809412 0.050598069093026 0.029152457368877 -0.028353984646304 -0.048800435464418 0.006947305868929
0.100718804767729 0.051521275753049 -0.116750674562541 -0.206828668084228 -0.117624046787730 0.065746774202193 0.144853816463307 0.037808191288706 -0.117382946067660 -0.127705271507395 0.019726565941798 0.142840245088784 0.089663935138038 -0.073623329906818 -0.142984383176794 -0.026288465917996
0.178142137587623 0.187278903362448 -0.036928792132218 -0.192075855007170 -0.129957103997426 0.060260678085247 0.154271721106387 0.048180826825748 -0.120405848327545 -0.140960107059106 0.012475513740610 0.150558234118241 0.102943924106177 -0.070808441943812 -0.154703479442529 -0.049471324608191
0.150443877280847 0.212958738294957 0.068129166318698 -0.058606450200822 -0.063278294834758 0.016008001751818 0.067769121501004 0.029444094739287 -0.048086439042822 -0.067097231044037 -0.003419731966279 0.064514832111316 0.053008632226459 -0.023110032487216 -0.069924710052187 -0.040831490404008

-0.094072922672099 -0.091574864608421 0.037500638251234 0.114358322450562 0.046670481052587 -0.079724262556089 -0.107950159598313 -0.002943618394066 0.105692492364359 0.083837585663723 -0.041525594729641 -0.115619363428160 -0.046958130021958 0.079761573032646 0.109282177230180 0.014490368583662
-0.288801130553516 -0.450215455791722 -0.018019641783678 0.402933516129399 0.305127813982181 -0.177302764947084 -0.443034193887568 -0.162259498844872 0.318771728364297 0.406232664472096 -0.007852400046594 -0.412239755319727 -0.307630779974443 0.177117908969437 0.447299209205969 0.196822930260137
-0.311295718443910 -0.540515952034574 -0.078335808452574 0.397698333816421 0.322606380233613 -0.177383207939786 -0.467126617594192 -0.182362609552326 0.327141100583209 0.432707235737307 0.004046338546357 -0.429603012684032 -0.332800256452923 0.175388828789737 0.472189768823921 0.221640770002255
-0.169454409239983 -0.370530009723153 -0.155392163295612 0.119884161880277 0.141685419602985 -0.066012790987913 -0.213312971007660 -0.103580112035963 0.132602297049886 0.204862621636654 0.024195536004628 -0.186327189662493 -0.166734064898800 0.059302945859529 0.216500839440379 0.129898126918394
0.053659065232313 -0.046231860462414 -0.218562985462197 -0.272294114264191 -0.120235496380935 0.102356151511507 0.163661784333206 0.010743498019156 -0.158704397474527 -0.132829315738021 0.056994493596080 0.176481659483517 0.078192448053137 -0.115939762828668 -0.164056791126655 -0.005086769906785
0.232342474558546 0.256744731436262 -0.221053602942420 -0.549939020548638 -0.314146972260213 0.229353180794097 0.447840450312538 0.096578343610825 -0.379168745644869 -0.387990791920968 0.082053074610703 0.450829320706100 0.263174975521021 -0.248573921819343 -0.451884426639440 -0.108516656349098
0.266915069246096 0.378185741092246 -0.142138212494639 -0.543063835694012 -0.331492814675599 0.235027543736031 0.476105739745851 0.112518350548980 -0.396119875167234 -0.417371679587275 0.076376752793059 0.475854931224745 0.288053026732046 -0.254516207053720 -0.482104279226048 -0.131415027267254
0.140753335820880 0.260500119319824 -0.009480549054964 -0.244381297402872 -0.163219070931456 0.110046654986091 0.231809934963095 0.056607974045103 -0.193434465785455 -0.206308181748879 0.035153248507273 0.233211711153678 0.143551590030551 -0.122645178948958 -0.236984288448465 -0.069938084035454
-0.070007547457264 -0.018641735528823 0.112856846152670 0.181776812965212 0.093918284752065 -0.076430412804677 -0.143792280983739 -0.034293460010557 0.115710688893987 0.121866228130842 -0.022758447516893 -0.139317905580519 -0.083749121761315 0.075516838511739 0.141920711119470 0.034663866346775
-0.240705213024515 -0.290854694387630 0.161549766504140 0.493376666460230 0.291866746925138 -0.217181863417370 -0.432604407977433 -0.105287647846518 0.353871984103106 0.376207184900952 -0.066055467217831 -0.426811514730625 -0.260624519309857 0.227162534880259 0.434819191313350 0.119080350681463
-0.270758537389425 -0.394230762721280 0.112563568360540 0.512466583439647 0.316771118342850 -0.230545474624396 -0.466832493158184 -0.114386786659424 0.383523189194455 0.408946713385435 -0.070398144672939 -0.462861759297362 -0.283986315045675 0.245010412211431 0.471710133285741 0.133442774696342
-0.142362908649793 -0.267333634977580 -0.003645537553580 0.229878686437837 0.155232006597783 -0.108758842658124 -0.227023343859080 -0.056315103762693 0.187999480986308 0.201554349628399 -0.033435820847519 -0.227145465993693 -0.140572646661537 0.119045592896494 0.231668528965000 0.069385258628054
0.069555800533172 0.016484458918213 -0.117531123774086 -0.187547651214161 -0.097700954250469 0.076371183669834 0.145804563869556 0.035056216478212 -0.117475426519017 -0.124089681966960 0.022794883598471 0.141571191333743 0.085463298891913 -0.076372400527149 -0.144111418716897 -0.035577804975681
0.240304091119767 0.289574685783640 -0.163363264489040 -0.495040834065082 -0.292665751487184 0.217364479173587 0.433091514153647 0.105287517438645 -0.354423153550733 -0.376644711709540 0.066270246344622 0.427416447893467 0.260883195412944 -0.227537722899178 -0.435298159393198 -0.119071426679116
0.274249501430668 0.399000365458302 -0.114645095024236 -0.519755909024406 -0.321874078436940 0.232123455901856 0.471901962897584 0.116097542077674 -0.387485518973815 -0.413736419053318 0.070690868633331 0.467879446123735 0.287544870635638 -0.247264479690540 -0.476933419894819 -0.135588143972043
0.147598629729457 0.276678205357345 0.005662407070137 -0.236133330211505 -0.162628754351423 0.107307837469644 0.231495254855321 0.060191225150848 -0.189893153114817 -0.206987282943819 0.031153833504153 0.230835757954038 0.145700416579548 -0.118714598900793 -0.236244933821040 -0.072771308679329

-0.110808181100389 -0.046245005485526 0.121888327333842 0.140448834368336 -0.016541462441298 -0.154077391469339 -0.101671069957584 0.076197187568680 0.159979220382855 0.046244716749088 -0.124584775501812 -0.141596581994168 0.016224678841302 0.154144062537210 0.103423856196042 -0.061273943575472
-0.361775053091076 -0.552836340280350 0.085969318695572 0.620590056939721 0.375862556315252 -0.339815578628246 -0.638310184155062 -0.149351693638796 0.523872074688458 0.550287833805497 -0.102699685257836 -0.628884331704244 -0.378567055569860 0.339688300496664 0.644059877844962 0.194585009099074
-0.354667747811453 -0.653874041835832 0.021739835329497 0.654171372574351 0.438876134457720 -0.341620721980198 -0.709513942538761 -0.204168694833461 0.552615401245676 0.627021357153401 -0.072716961519341 -0.682661838793326 -0.449665452980131 0.339345481246567 0.715939900066962 0.251616568771236
-0.140290907884991 -0.380705012157532 -0.083986946814486 0.255871699877511 0.200486692741414 -0.152680671320709 -0.339815284523203 -0.115140388141697 0.249618282752834 0.305786387540365 -0.015616535276521 -0.317715493251750 -0.227427594771594 0.144483559849244 0.342275289051968 0.136252942131327
0.145221933015160 0.075185993517749 -0.198189479062962 -0.339250800529674 -0.174068289430239 0.129273895680368 0.234409792962663 0.035041146686158 -0.212231689609634 -0.198554825176995 0.060110432132038 0.244585882229411 0.127225647034405 -0.146556616887707 -0.238665520339932 -0.049431005847295
0.334844281082515 0.446038712568306 -0.257173331030805 -0.783398441771326 -0.460317911506678 0.344663659581023 0.675270196835160 0.150591076640154 -0.567537549272968 -0.586991229283318 0.117900709712538 0.677235046370845 0.400595377099099 -0.370115202892049 -0.685492855930442 -0.187958377519839
0.320506655467397 0.524904361034377 -0.214641781272312 -0.810593375475778 -0.490857463999549 0.366270912056045 0.726321911708299 0.166881624448355 -0.607631494871298 -0.634728959867872 0.121212116032596 0.727466935772963 0.435757763586979 -0.393444886867562 -0.738449757324646 -0.202562580625554
0.113621885918340 0.276869441935737 -0.079670144206021 -0.394232678345708 -0.246734429281282 0.178127101892188 0.357926158173955 0.079632390428332 -0.304678459124583 -0.315604938397636 0.062388719064151 0.363275794915957 0.215842803509890 -0.197522777113161 -0.366542128408106 -0.091557365614154
-0.162424934375640 -0.144147483767912 0.082367587270687 0.233035141786260 0.132116105150298 -0.112312593853686 -0.215410949162048 -0.056281357321916 0.168856742657360 0.183767476447421 -0.028803665267675 -0.205913299143316 -0.128652295843153 0.107968701106748 0.214181288188377 0.075295820076676
-0.344590597358886 -0.486077831934939 0.185973872726922 0.712644506421827 0.427353294697535 -0.336388338497124 -0.659545342601954 -0.159442165177988 0.539404083831812 0.572250756484326 -0.101631052305255 -0.650111560873230 -0.395893258519045 0.347438338357382 0.665774104624203 0.198110764006485
-0.325434159775135 -0.545580051582600 0.176055240158832 0.769465531608783 0.468955206208536 -0.363399396706540 -0.715731675555751 -0.168889535204957 0.592222239227131 0.623710754242282 -0.114598290834206 -0.711431948646437 -0.429959338632858 0.382378313975342 0.725497744404228 0.204415251202551
-0.115883756801518 -0.286500228344825 0.061047092054221 0.373249089179609 0.234383181089675 -0.177552033453266 -0.351881190393016 -0.079123921137210 0.297436366773348 0.308958312920352 -0.060410378017336 -0.355134618264386 -0.211509221187163 0.192988529294792 0.359389264339113 0.090604246147456
0.161642796671642 0.140491485345720 -0.090181849737682 -0.242575217592344 -0.138302961255316 0.112191301268207 0.218532859278322 0.057289114310493 -0.171849343726423 -0.187295069888803 0.029032112575238 0.209612644988075 0.131297665719441 -0.109501730368911 -0.217712670802938 -0.076642028789630
0.344082417858936 0.484409005714115 -0.188513302335760 -0.715414476435634 -0.429296589569313 0.336013481851822 0.660285151870987 0.159972177813487 -0.539888576874394 -0.573195381348885 0.101384109627005 0.650871115576312 0.396741103655369 -0.347487819152090 -0.666528332268776 -0.198602996454455
0.328810983292992 0.547985153875255 -0.184709177494182 -0.782439458853940 -0.473264646241755 0.370539967484378 0.723845601028631 0.167147136899212 -0.601964159526403 -0.629498927571900 0.119901361960542 0.721283468154682 0.432207771811698 -0.390483237993455 -0.734027297818352 -0.204184697495662
0.121800068956031 0.294579879785106 -0.068229900214203 -0.390375964635369 -0.243244718823260 0.184769725222478 0.363837122336186 0.079704991416255 -0.309504863081344 -0.318945055871591 0.064802119113736 0.368483829145385 0.217349473601308 -0.201824877874202 -0.372062766540700 -0.093220744954347

-0.109974947810623 0.007312359647159 0.187309285902170 0.143434756788969 -0.078160101905615 -0.203945786959392 -0.078196442365524 0.144024331900982 0.188412384619837 0.000177855143378 -0.188276265322240 -0.144276684154354 0.077868028797776 0.204026282226767 0.080051411012744 -0.128362005977772
-0.377298343084271 -0.567252220510003 0.174741852266214 0.736958262246403 0.386202316837618 -0.446136216994620 -0.729794910389718 -0.113104854883194 0.643057150703799 0.605246435763851 -0.179824587018623 -0.742869796390587 -0.388666129930886 0.446053226010265 0.735908359248671 0.160496441611547
-0.341552703817903 -0.663973960395228 0.113949981387992 0.801785526624423 0.485706601671858 -0.446370763490420 -0.835468427758995 -0.195952156998374 0.684701633239567 0.719836156687066 -0.133781587367160 -0.822210226017682 -0.495373778415546 0.444079291476668 0.841867219497050 0.241939881795990
-0.088974195170502 -0.332864717224428 -0.005446305087019 0.346327322901531 0.229283671858117 -0.208926898408480 -0.409638344902717 -0.112701915981103 0.320875539075950 0.357696997178367 -0.047196090337241 -0.393798311518221 -0.254049357031852 0.200266533038822 0.410545942535554 0.123521059130188
0.213179434976994 0.181045231636833 -0.151878922700749 -0.355370728042747 -0.198415302780791 0.139165645142573 0.267978460478818 0.049726293086431 -0.235531769118922 -0.231509390863949 0.058054990856754 0.275945195179040 0.153283011075385 -0.158130807112393 -0.275919795405795 -0.082469892583233
0.383430432577286 0.561348994053006 -0.255258615421989 -0.893631072395604 -0.534243996689716 0.403305283847406 0.792963505704745 0.179482359467397 -0.664870371797583 -0.691167651958989 0.135244354261933 0.794628636751429 0.473061957191476 -0.432419378005141 -0.808436158489774 -0.235865961311324
0.322597282638759 0.586924743096009 -0.252802918089529 -0.950102071122171 -0.577328969600443 0.432124607457945 0.857724811128987 0.197427280977063 -0.718131213095469 -0.750961570627304 0.142372964599640 0.859800614714848 0.515821367600806 -0.464895100895787 -0.875027155257414 -0.243391278611439
0.068217911502905 0.249969858787702 -0.135346991887816 -0.483220044929961 -0.299143046517476 0.208783920915368 0.424867613597404 0.095252221568778 -0.362312126240485 -0.376525703672169 0.072973926802072 0.432186452209500 0.257958426740576 -0.234362809409240 -0.436656030053843 -0.103492227736644
-0.228880670587989 -0.244938353039388 0.040065516062699 0.244014319577736 0.141680729092632 -0.136583353293145 -0.252528256712714 -0.064452044051572 0.197799703287052 0.213228141459055 -0.035521286058220 -0.240603500141324 -0.148474882618091 0.127693406258061 0.251292343208218 0.098636960315335
-0.393373174936327 -0.602611160664873 0.179996268799118 0.814825798938466 0.491439280985208 -0.402052419498206 -0.778796000789510 -0.186493729926065 0.637515837798304 0.674204755695714 -0.121801933407462 -0.767528662095030 -0.465522517684135 0.412061593512751 0.787861257878114 0.242821793875598
-0.328115304303535 -0.610237667373456 0.208594004739498 0.901394181518864 0.548911933842232 -0.432159055795047 -0.846859724981186 -0.198815217672952 0.701606890665889 0.737892857054338 -0.136416439567434 -0.842262270390063 -0.508180462856622 0.453871793588741 0.860554589953227 0.244118104190628
-0.070966564561318 -0.261721820560416 0.112419767213425 0.456889002022113 0.282852706345687 -0.209173921240753 -0.417802238621722 -0.094225441078163 0.353853447925840 0.368186969694726 -0.071154036261611 -0.422486449456580 -0.252241542760562 0.229439172993484 0.428062879163416 0.101918299993442
0.227775444778554 0.239861438218846 -0.050779656206523 -0.256991450448631 -0.150002992300178 0.136553791801691 0.256879383223644 0.065857043668016 -0.201886257431647 -0.218039323167055 0.035852589972248 0.245670556518178 0.152087457277169 -0.129783726418308 -0.256075998525276 -0.100414449399988
0.392789229470949 0.600592746859422 -0.183337088507775 -0.818818166926729 -0.494481296464813 0.401406045753629 0.780135803248019 0.187694637531980 -0.638059982656838 -0.675831523761676 0.121112893740882 0.768642969085999 0.467098996145349 -0.411867092844835 -0.789069253975186 -0.243866742503629
0.330737687929622 0.609608093575365 -0.222635135790929 -0.918024644788735 -0.551774182227402 0.443630814134686 0.856675845216657 0.193992074391188 -0.715409612985346 -0.743694181256178 0.145781809366073 0.855242418075373 0.508764594770413 -0.466386928362584 -0.870893361744380 -0.241531314830087
0.076452247318869 0.266791785441577 -0.127886125184335 -0.482066749257891 -0.291756016546930 0.223583972526722 0.434926440831342 0.091356424213301 -0.373839958374714 -0.380826156800008 0.081422661614232 0.442984150847400 0.257669071203565 -0.245795388902598 -0.446414781864428 -0.103180358224451

-0.095180234183759 0.055783342378867 0.225720854593425 0.130003805538898 -0.125323352742360 -0.226299359476356 -0.048104695248920 0.189404910365609 0.193049236931198 -0.041655334883086 -0.224931184281802 -0.130497708554981 0.125070659239988 0.226383999022733 0.049891080615932 -0.174517014828835
-0.343156939856039 -0.506364197072754 0.243191729980886 0.758152419740220 0.343830357335066 -0.497437240525048 -0.726356762385134 -0.059194811748106 0.680844659114349 0.580243153613429 -0.236752529355879 -0.761436141578674 -0.345937795571579 0.497378846905055 0.732346484159265 0.104878033827515
-0.283770581524716 -0.582260142595651 0.198506849499657 0.844529777164339 0.459480091815403 -0.501608830112329 -0.850116353896371 -0.151930143621473 0.732914178630033 0.712653346492325 -0.187509005564982 -0.856147498721397 -0.467599029216819 0.499365961808931 0.856042616688290 0.193572457583062
-0.026507244455809 -0.236374719706948 0.079624793544002 0.387064991704313 0.213586749039784 -0.248235758007453 -0.421178549741636 -0.082272261982313 0.355352459680869 0.353472832989422 -0.084963285032502 -0.418486223103168 -0.235159264244532 0.239424005446579 0.420491015597689 0.083287325439287
0.251954805051555 0.262976146183633 -0.088985412149616 -0.335619547188028 -0.210377614344063 0.124770993203220 0.271915979248208 0.066568256239024 -0.227407901950331 -0.242558624849357 0.041331530053313 0.274165812376320 0.168636491409021 -0.144780145872176 -0.283100150116869 -0.113921696096708
0.379757256444697 0.594754735680772 -0.235425166280845 -0.902340573581090 -0.545396969279954 0.410941239017170 0.810377813846738 0.183274684435479 -0.680969658524801 -0.708068291189979 0.138132843857334 0.813671689910198 0.484704553650095 -0.442906559447827 -0.830441078550634 -0.254009433712614
0.280176403018944 0.557852727805730 -0.280972481397479 -0.980948561065553 -0.587201614052023 0.449849708467247 0.876802028928307 0.190593232536418 -0.744820606983683 -0.765696278224331 0.157372886101297 0.885904704565252 0.520737682099763 -0.487599325265114 -0.898860031627001 -0.244216070440582
0.012280159830809 0.176757873361637 -0.193865443177113 -0.519351621232333 -0.305967311536418 0.221960102569715 0.432990212805112 0.083348956288606 -0.382257504051088 -0.381152766639738 0.088909419450013 0.448878614597745 0.254752327768904 -0.253660465767282 -0.448118588344688 -0.089049437253179
-0.265636080027666 -0.319793179560621 -0.015701839618023 0.221489925010157 0.139089518586474 -0.137789785291872 -0.260745899563936 -0.074055897885132 0.196510499819980 0.220870864088912 -0.028755172979482 -0.243174144705373 -0.157205075663538 0.123764684819116 0.258753749612159 0.119049669324565
-0.389583272942140 -0.636009707276231 0.158049718253772 0.816936575419855 0.492704242046043 -0.417829155240256 -0.798521638779400 -0.188019267843256 0.655327406420978 0.689062797372509 -0.128369108501902 -0.787448924038566 -0.474141343890449 0.425835066043134 0.809463423303170 0.256926133916491
-0.286139173002711 -0.583226058203685 0.232068004857746 0.925327121753364 0.552126861118789 -0.453539859003753 -0.866216184548944 -0.191203250695698 0.727715469242864 0.750740231776623 -0.152525302428232 -0.867387728725125 -0.511210773875256 0.477164053556368 0.883195095972558 0.243436359754457
-0.015465572604703 -0.190437718147778 0.166927784471154 0.487832439366113 0.285561352271666 -0.223722272197912 -0.425194441437756 -0.081759662800482 0.372806683439787 0.371193119948257 -0.087443609440499 -0.437849769562845 -0.247634948339072 0.248587844742853 0.438239997025697 0.086709303711827
0.264207142010784 0.313308855933822 0.002122104402266 -0.237927888728633 -0.149700436971537 0.137628959900587 0.266189301155060 0.075887792208201 -0.201586128648606 -0.226943488537751 0.029089182825551 0.249506173727507 0.161806263517071 -0.126291132634727 -0.264715000314878 -0.121316512766569
0.388924888389341 0.633599902874910 -0.162338599741197 -0.822342350156690 -0.496964674792406 0.416904652936888 0.800498226906892 0.189878374037977 -0.656002180320685 -0.691424148447799 0.127264774126373 0.788989926380375 0.476475370828855 -0.425444019488465 -0.811187683229976 -0.258537411745488
0.287768938651460 0.579709188496413 -0.250275368805531 -0.944527129136953 -0.553864130313029 0.468028581165843 0.877062952617476 0.184105773342573 -0.744288723850832 -0.756373840624738 0.164800766274589 0.882433786181717 0.510470257647090 -0.492762487282241 -0.894642332329797 -0.239128006098770
0.020011206130603 0.192149682340081 -0.189219355180884 -0.519074457995923 -0.294276534349691 0.243593257651815 0.445985543986025 0.076052419326109 -0.398730771276763 -0.385578832364868 0.102301795260157 0.463604531897478 0.252490020613052 -0.270689125096293 -0.460705545451674 -0.086871298268828

-0.061068535867892 0.101875571716226 0.227207387089480 0.088596313997697 -0.156936341541401 -0.208637806060265 -0.002882342410755 0.206365370585214 0.160806435819289 -0.083294600761783 -0.224558114334922 -0.088573047584477 0.156783372815568 0.208706473754611 0.004203095992060 -0.195544578367867
-0.245024178512230 -0.354320637821867 0.265089581926050 0.642420059891448 0.243281482124522 -0.455426580660099 -0.592896500925670 0.001049765396962 0.593487971924260 0.453128241771810 -0.246689524871684 -0.641927728826163 -0.244540104778549 0.455385146409635 0.597402466592155 0.032548449133624
-0.172800323663300 -0.402186510166389 0.240051595122775 0.740761083818822 0.365646529719260 -0.459019129278654 -0.720702326349196 -0.094929728805435 0.647134670215743 0.589960637629006 -0.195652463882384 -0.739691619420073 -0.370332979244310 0.457221164772657 0.724717592814845 0.122227620717476
0.042370228245166 -0.103598824755605 0.146183923944499 0.368594090132595 0.177456154322960 -0.236931066098345 -0.369696110358112 -0.052742015724919 0.326536055591479 0.301783863210040 -0.095762354397598 -0.375077493166837 -0.191151524677204 0.229518463768591 0.367146652574283 0.042063022448359
0.246551864910560 0.298490654020842 -0.005025183064872 -0.244984180053552 -0.175749382195984 0.086751429811182 0.217832010160675 0.065427485328358 -0.174145274981053 -0.200886406418733 0.019836195165751 0.216000982571559 0.145579514979489 -0.104523932775824 -0.230769826289599 -0.119529083223420
0.308379445474307 0.530852102582736 -0.159598255663500 -0.744201312039090 -0.466361714334892 0.334735229604114 0.681851228464050 0.163078400225622 -0.568145386623811 -0.601977381805256 0.106270100522734 0.683112749145296 0.416578108241879 -0.364829393826312 -0.703756431791089 -0.235491545378500
0.187334042109273 0.442098171054213 -0.243708109480717 -0.840286817373641 -0.513668027552634 0.371811885065023 0.746818001954689 0.169328217882880 -0.631985784549910 -0.658793851242374 0.126009934183714 0.754876885302178 0.451735650440064 -0.409709442080598 -0.770916672611457 -0.221043686545942
-0.046472358761932 0.081427497317492 -0.210510855302357 -0.474916811576212 -0.283151204766654 0.182770751313929 0.375506393841502 0.076166392581831 -0.331791142439256 -0.336213115625280 0.072451856484597 0.391210244395038 0.227008073017771 -0.217394505259613 -0.392606337299294 -0.078772488326629
-0.255503003534236 -0.337408852446682 -0.074429941147659 0.144595315713636 0.096467779563976 -0.117633589116801 -0.213239573019366 -0.061968203165611 0.156592222750774 0.177517763011826 -0.022304939719155 -0.194977401402886 -0.126778794958747 0.098945588654533 0.209975668320194 0.108926378977326
-0.316447551737760 -0.565415225110075 0.091773735989982 0.663453183995126 0.408781684381414 -0.350978119341931 -0.674083851871242 -0.163353312325377 0.548774446224969 0.582624027481097 -0.103332834646472 -0.661855229408662 -0.402996835381892 0.355015551316548 0.685062227972194 0.231863968526235
-0.192889614076987 -0.465985598647787 0.196610648754800 0.784550746966164 0.475603408031787 -0.379185951039144 -0.737424307286010 -0.168150541795115 0.616843075319784 0.643247214638474 -0.123702132297965 -0.737745566863383 -0.440709035707475 0.401878003789794 0.755830892106382 0.217944245415509
0.043241948660924 -0.095372749218889 0.182760847030567 0.441880246112442 0.261103069314220 -0.185243909693692 -0.367121455056975 -0.073596231254129 0.322466204030822 0.325372001748273 -0.071779498233331 -0.379896108267513 -0.218845852116495 0.212931226075822 0.382343608746055 0.075641595503833
0.253883900084879 0.330165242778985 0.059432803486831 -0.162594810978460 -0.107813574866914 0.118071140915881 0.219944891230612 0.064436226983460 -0.162192124845545 -0.184474223243575 0.022557663374657 0.202161498986744 0.132144450415394 -0.101661349016180 -0.216681991196232 -0.111489586803254
0.315790013043777 0.562839130721536 -0.096674490667874 -0.669728588832994 -0.413482122488535 0.350568041407792 0.677179788288381 0.165933242395602 -0.549713703411340 -0.585731335168357 0.102002281715454 0.664000459777871 0.406042553258536 -0.354632055490961 -0.687393150987018 -0.233878740751335
0.193000604722873 0.459737969684679 -0.215924991620043 -0.802762733653780 -0.475679896237708 0.394268787781290 0.747482943503870 0.160186080834760 -0.633084301150839 -0.647650623453916 0.136634976771632 0.752082631206306 0.438777368197485 -0.417671289882754 -0.766236225826315 -0.212680958689824
-0.040784417147114 0.092678588557859 -0.208368044621897 -0.473697694662250 -0.268023083975174 0.207000625341430 0.387752526333525 0.066009855710471 -0.349618231189542 -0.338802598788650 0.088602216427441 0.406201102538493 0.222152432300491 -0.236807531755528 -0.404798301259128 -0.074679603904455

