h = 1/64
norm_2 = 0.000089106035083
norm_inf = 0.000295744923829
p (calculate by norm_2) = 0.954477370596716
p (calculate by norm_2) = 1.063007718786263
Takes 5 seconds
0.000024225889250 0.000023175418532 0.000024023225733 0.000027244736954 0.000033429026256 0.000043264106516 0.000057498385797 0.000076874209837 0.000102034396923 0.000133409745933 0.000171103175178 0.000214792064121 0.000263671940152 0.000316460153743 0.000371467707650 0.000426733271997 0.000480199570102 0.000529902960815 0.000574144963160 0.000611620003643 0.000641484662224 0.000663366525187 0.000677321797487 0.000683757676966 0.000683337492845 0.000676884592058 0.000665296572129 0.000649476407974 0.000630282577006 0.000608497094506 0.000584808548170 0.000559806534914 0.000533983998807 0.000507744490642 0.000481412050688 0.000455242082375 0.000429432150165 0.000404132069055 0.000379452961541 0.000355475160791 0.000332254961381 0.000309830285094 0.000288225358044 0.000267454502466 0.000247525142003 0.000228440111762 0.000210199357644 0.000192801107014 0.000176242594478 0.000160520432347 0.000145630722686 0.000131569015007 0.000118330218557 0.000105908581098 0.000094297849166 0.000083491733569 0.000073484825695 0.000064274153252 0.000055861634036 0.000048257781335 0.000041487119349 0.000035595844652 0.000030662256090 0.000026810276238
0.000030215321647 0.000029324376117 0.000030906093447 0.000035641111292 0.000044367852931 0.000058059026922 0.000077761643111 0.000104494257321 0.000139103393835 0.000182092861022 0.000233452335379 0.000292520909943 0.000357922722991 0.000427602453640 0.000498969054561 0.000569131380201 0.000635186885087 0.000694511718111 0.000745001470984 0.000785225750514 0.000814481416794 0.000832751552827 0.000840593784405 0.000838989240987 0.000829182490556 0.000812535854290 0.000790412124795 0.000764090829184 0.000734716549065 0.000703273930689 0.000670582545557 0.000637304950239 0.000603962385949 0.000570953958090 0.000538576475889 0.000507043232456 0.000476500818304 0.000447043610797 0.000418725921043 0.000391571967672 0.000365583932807 0.000340748379587 0.000317041298702 0.000294432023508 0.000272886219008 0.000252368117846 0.000232842148026 0.000214274075472 0.000196631768007 0.000179885676633 0.000164009122497 0.000148978474048 0.000134773297558 0.000121376567882 0.000108775037926 0.000096959891555 0.000085927853032 0.000075683005661 0.000066239688632 0.000057626992085 0.000049895536388 0.000043127353844 0.000037449699027 0.000033053357508
0.000037143370195 0.000036540791109 0.000039107280540 0.000045780442032 0.000057709779927 0.000076219989365 0.000102720404535 0.000138551561334 0.000184772929960 0.000241914574176 0.000309735303483 0.000387043600331 0.000471637637041 0.000560402733463 0.000649570741830 0.000735105321075 0.000813143283563 0.000880407217869 0.000934513641597 0.000974130122651 0.000998973168776 0.001009673332584 0.001007555476074 0.000994387349564 0.000972141419103 0.000942799323067 0.000908211749949 0.000870013229974 0.000829583116949 0.000788040635509 0.000746261952701 0.000704909243649 0.000664464403303 0.000625262614394 0.000587523040331 0.000551375381955 0.000516881981699 0.000484055702265 0.000452874071849 0.000423290280016 0.000395241599472 0.000368655752142 0.000343455660607 0.000319562948460 0.000296900481350 0.000275394180770 0.000254974293081 0.000235576258578 0.000217141295711 0.000199616794604 0.000182956598468 0.000167121242797 0.000152078219379 0.000137802339242 0.000124276288927 0.000111491516697 0.000099449658042 0.000088164825157 0.000077667250564 0.000068008990334 0.000059272633902 0.000051584172655 0.000045131223923 0.000040187489012
0.000044978445914 0.000044829272706 0.000048671363581 0.000057754544646 0.000073604152294 0.000097965184814 0.000132669654905 0.000179414935238 0.000239460993271 0.000313282924686 0.000400244739594 0.000498379237201 0.000604355069341 0.000713679769993 0.000821131718715 0.000921351429199 0.001009475608101 0.001081684251648 0.001135556697184 0.001170186576404 0.001186067463453 0.001184809772391 0.001168772639856 0.001140691217880 0.001103358202969 0.001059390092009 0.001011083334216 0.000960348465503 0.000908702293402 0.000857297258702 0.000806970319468 0.000758298506545 0.000711652991646 0.000667247268280 0.000625177666278 0.000585456037080 0.000548035309048 0.000512828978114 0.000479725667390 0.000448599805861 0.000419319325318 0.000391751111474 0.000365764790976 0.000341235305787 0.000318044618585 0.000296082809583 0.000275248759774 0.000255450567719 0.000236605810308 0.000218641732657 0.000201495434136 0.000185114108483 0.000169455394761 0.000154487908061 0.000140192048154 0.000126561241980 0.000113603872822 0.000101346301565 0.000089837605040 0.000079156945988 0.000069424821827 0.000060819736412 0.000053601934088 0.000048145447804
0.000053636462833 0.000054148343367 0.000059597570538 0.000071603219209 0.000092131734985 0.000123414335503 0.000167758280658 0.000227236516857 0.000303270034274 0.000396159107695 0.000504661742631 0.000625741935018 0.000754598884742 0.000885033602020 0.001010122104926 0.001123073112237 0.001218088024397 0.001291037255962 0.001339821664553 0.001364378547058 0.001366383319044 0.001348759670193 0.001315128802503 0.001269307470830 0.001214922261474 0.001155162861136 0.001092663116368 0.001029480213822 0.000967137554617 0.000906700989992 0.000848866048828 0.000794042063528 0.000742425837993 0.000694062167345 0.000648891310759 0.000606784925771 0.000567572482656 0.000531060186647 0.000497044201208 0.000465319651383 0.000435686570365 0.000407953678251 0.000381940655660 0.000357479400517 0.000334414622053 0.000312604028604 0.000291918292767 0.000272240926810 0.000253468163597 0.000235508914131 0.000218284856101 0.000201730701688 0.000185794695413 0.000170439411084 0.000155642955628 0.000141400760876 0.000127728266284 0.000114664987966 0.000102280748827 0.000090685218888 0.000080042354105 0.000070591729135 0.000062678917759 0.000056796605024
0.000062978936000 0.000064407578722 0.000071835470427 0.000087307744606 0.000113295060648 0.000152574895095 0.000207970428113 0.000281928563202 0.000375961497887 0.000490035470733 0.000622048003255 0.000767563987922 0.000919955822494 0.001071005219250 0.001211894489800 0.001334388928515 0.001431941758785 0.001500471125385 0.001538658723199 0.001547760098901 0.001531042177425 0.001493032519844 0.001438765812081 0.001373163085577 0.001300608931615 0.001224729244908 0.001148331993257 0.001073458000202 0.001001491285090 0.000933290320089 0.000869315462203 0.000809739666647 0.000754537900364 0.000703555614299 0.000656559030334 0.000613270783731 0.000573394361081 0.000536630285875 0.000502686405033 0.000471284069144 0.000442161525957 0.000415075478357 0.000389801478714 0.000366133630270 0.000343883920445 0.000322881410915 0.000302971438173 0.000284014931912 0.000265887925751 0.000248481315811 0.000231700910658 0.000215467814905 0.000199719196282 0.000184409510988 0.000169512310247 0.000155022840054 0.000140961793576 0.000127380810278 0.000114370660412 0.000102073522034 0.000090701317644 0.000080562611234 0.000072100797461 0.000065945745004
0.000072817086943 0.000075469502356 0.000085284923364 0.000104788985343 0.000137014773931 0.000185336971428 0.000253120109048 0.000343160409948 0.000456960489393 0.000593957209707 0.000750898930311 0.000921600243844 0.001097255252443 0.001267357133591 0.001421087187765 0.001548871002390 0.001643726559427 0.001702086282974 0.001723940167050 0.001712349738299 0.001672541894706 0.001610856699439 0.001533791734307 0.001447293787866 0.001356344842294 0.001264809909405 0.001175473508633 0.001090185017672 0.001010047401199 0.000935605535882 0.000867010555317 0.000804151421437 0.000746753857218 0.000694451118032 0.000646832456360 0.000603474920749 0.000563963230692 0.000527901416517 0.000494918947606 0.000464673291306 0.000436850248793 0.000411162984653 0.000387350362076 0.000365174989187 0.000344421240830 0.000324893429566 0.000306414239150 0.000288823497943 0.000271977346534 0.000255747843213 0.000240023046167 0.000224707616291 0.000209723997835 0.000195014265740 0.000180542785571 0.000166299935960 0.000152307316183 0.000138625139107 0.000125362922664 0.000112695162707 0.000100884361713 0.000090314460687 0.000081538030152 0.000075339882438
0.000082922340873 0.000087156407534 0.000099800299063 0.000123909977245 0.000163131676002 0.000221476419167 0.000302858022959 0.000410373643096 0.000545386887124 0.000706580966106 0.000889245696112 0.001085093327282 0.001282818752507 0.001469425827434 0.001632090117733 0.001760121857216 0.001846529928639 0.001888806220004 0.001888801207903 0.001851836152461 0.001785384440030 0.001697698698249 0.001596677681408 0.001489121229898 0.001380381871281 0.001274330635153 0.001173521129761 0.001079445164436 0.000992803121242 0.000913744997328 0.000842063883747 0.000777340018989 0.000719041801901 0.000666592950898 0.000619414797290 0.000576951226980 0.000538682009386 0.000504128650714 0.000472855628546 0.000444468921932 0.000418613083849 0.000394967652465 0.000373243397237 0.000353178705204 0.000334536291131 0.000317100344152 0.000300674180976 0.000285078455870 0.000270149967976 0.000255741107537 0.000241719987325 0.000227971318588 0.000214398110806 0.000200924312657 0.000187498576675 0.000174099447007 0.000160742465316 0.000147490008296 0.000134465150930 0.000121871522384 0.000110021950107 0.000099379505870 0.000090614951849 0.000084683735534
0.000093042562643 0.000099261574955 0.000115198462511 0.000144482419894 0.000191413685387 0.000260664879476 0.000356688550311 0.000482811970246 0.000640106881426 0.000826260212854 0.001034789772230 0.001254974156789 0.001472741750813 0.001672493434444 0.001839504432557 0.001962305584101 0.002034408928541 0.002054948350789 0.002028164809864 0.001962017121612 0.001866401685773 0.001751465595424 0.001626344018807 0.001498443869291 0.001373222174088 0.001254313801489 0.001143846599186 0.001042813692764 0.000951420937476 0.000869370950604 0.000796074955483 0.000730799785245 0.000672763553977 0.000621193926256 0.000575360755679 0.000534592026736 0.000498279420543 0.000465877761860 0.000436901101786 0.000410917161995 0.000387541184460 0.000366429798706 0.000347275248768 0.000329800164042 0.000313752966918 0.000298903965839 0.000285042163169 0.000271972807355 0.000259515726921 0.000247504499977 0.000235786530964 0.000224224130462 0.000212696723036 0.000201104353920 0.000189372737941 0.000177460221420 0.000165367241892 0.000153149223616 0.000140934388637 0.000128948733330 0.000117551381866 0.000107284487394 0.000098942299470 0.000093662970238
0.000102922265370 0.000111563640838 0.000131269551019 0.000166276142042 0.000221566574572 0.000302485092590 0.000413994228093 0.000559561356524 0.000739797672202 0.000951145814634 0.001185052084669 0.001428071547116 0.001663170920914 0.001872131537247 0.002038539164424 0.002150570672159 0.002202802135361 0.002196583908130 0.002139012486563 0.002040956053557 0.001914789187570 0.001772424871078 0.001623988977033 0.001477205450415 0.001337359747276 0.001207623329042 0.001089532474170 0.000983474259058 0.000889100059590 0.000805639379574 0.000732118144728 0.000667499427143 0.000610767364391 0.000560972481619 0.000517252340051 0.000478837291896 0.000445047801469 0.000415287402605 0.000389033745424 0.000365829148884 0.000345271430545 0.000327005403069 0.000310715206327 0.000296117528817 0.000282955716881 0.000270994755870 0.000260017114131 0.000249819463700 0.000240210321146 0.000231008688326 0.000222043810171 0.000213156208264 0.000204200193787 0.000195048121815 0.000185596732027 0.000175776057693 0.000165561612482 0.000154990942670 0.000144186221885 0.000133385416398 0.000122985625732 0.000113603283521 0.000106156386211 0.000101972619915
0.000112324102162 0.000123842297881 0.000147789214603 0.000189030371347 0.000253247147256 0.000346449600341 0.000474064768803 0.000639595719331 0.000843017881256 0.001079290359628 0.001337520099331 0.001601307832586 0.001850547593157 0.002064481814501 0.002225307189448 0.002321329498491 0.002348755953352 0.002311676889148 0.002220411827799 0.002088889485492 0.001931901791301 0.001762910134897 0.001592734752160 0.001429113540781 0.001276899913329 0.001138606780291 0.001015050564785 0.000905940073346 0.000810340870031 0.000727004466242 0.000654581717562 0.000591749449829 0.000537277813922 0.000490060036068 0.000449119873442 0.000413606814671 0.000382785228045 0.000356021095835 0.000332768348289 0.000312555833278 0.000294975388472 0.000279671171276 0.000266330239275 0.000254674303717 0.000244452558627 0.000235435501806 0.000227409695445 0.000220173460512 0.000213533553154 0.000207302933601 0.000201299803502 0.000195348157790 0.000189280170173 0.000182940814632 0.000176195228987 0.000168939478452 0.000161115617041 0.000152732337816 0.000143893120848 0.000134834691245 0.000125979755745 0.000118009144941 0.000111958953139 0.000109346644668
0.000121048484033 0.000135893229445 0.000164530836486 0.000212465564802 0.000286077497376 0.000392020979695 0.000536127792523 0.000721823776145 0.000948276955644 0.001208746422527 0.001489779251147 0.001771863104628 0.002031796933310 0.002246452913568 0.002397003585665 0.002472386491084 0.002470971591818 0.002400026654964 0.002273344958699 0.002107947195890 0.001920884725528 0.001726890846745 0.001537165395577 0.001359171415487 0.001197103807917 0.001052662733698 0.000925854957085 0.000815669702256 0.000720577212725 0.000638859644127 0.000568810039182 0.000508839046473 0.000457522640299 0.000413614984967 0.000376042378061 0.000343888063551 0.000316373559250 0.000292839547161 0.000272727831292 0.000255564998326 0.000240947947277 0.000228531221237 0.000218015969271 0.000209140335720 0.000201671081718 0.000195396277558 0.000190118954310 0.000185651669039 0.000181812016630 0.000178419213981 0.000175291985658 0.000172248093719 0.000169105974950 0.000165689078922 0.000161833646555 0.000157400853779 0.000152294506995 0.000146485882116 0.000140047926168 0.000133201959241 0.000126381195608 0.000120316569510 0.000116150713248 0.000115583881647
0.000128948333830 0.000147540274558 0.000181276327116 0.000236294641094 0.000319659111733 0.000438631949927 0.000599378810623 0.000805133338150 0.001054098152059 0.001337651308488 0.001639619264296 0.001937297380230 0.002204452833286 0.002415827224505 0.002551967882720 0.002602928588001 0.002569701788506 0.002463059888877 0.002300398505301 0.002101755792043 0.001886214881749 0.001669477715910 0.001462819404255 0.001273173800166 0.001103894863453 0.000955758065244 0.000827904702304 0.000718586767214 0.000625683867311 0.000547024392042 0.000480563009170 0.000424463763336 0.000377126604346 0.000337183003200 0.000303476569923 0.000275037840888 0.000251058136081 0.000230864874394 0.000213899334847 0.000199697120563 0.000187871223298 0.000178097430811 0.000170101764261 0.000163649629950 0.000158536391525 0.000154579108793 0.000151609244745 0.000149466217714 0.000147991772991 0.000147025271375 0.000146400140439 0.000145941906503 0.000145468416959 0.000144793070559 0.000143732097853 0.000142117187662 0.000139815068897 0.000136756088760 0.000132974457092 0.000128663724293 0.000124252198318 0.000120504082824 0.000118652254020 0.000120565965235
0.000135936801888 0.000158643300106 0.000197824384113 0.000260232680816 0.000353585810022 0.000485704020217 0.000663008533811 0.000888430271727 0.001159071305229 0.001464293541632 0.001785110258230 0.002095626558595 0.002366717594238 0.002571282939027 0.002689645273118 0.002713405539707 0.002646538486143 0.002503525635084 0.002305377783963 0.002074992335177 0.001833217214462 0.001596422682523 0.001375687581766 0.001177208869337 0.001003363879317 0.000853929828866 0.000727153617344 0.000620548425648 0.000531415748510 0.000457148379639 0.000395381892396 0.000344052176243 0.000301400267127 0.000265950847571 0.000236479850266 0.000211979488073 0.000191624788720 0.000174743359124 0.000160788883112 0.000149318276699 0.000139972178490 0.000132458370581 0.000126537711212 0.000122012172692 0.000118714597777 0.000116499815735 0.000115236801319 0.000114801627178 0.000115071062220 0.000115916813577 0.000117200602373 0.000118770503788 0.000120459265749 0.000122085640485 0.000123460111695 0.000124396776262 0.000124733558004 0.000124363432283 0.000123279989135 0.000121641520088 0.000119858842594 0.000118712945742 0.000119508288732 0.000124264188855
0.000141987062347 0.000169101018802 0.000213995569946 0.000284004476214 0.000387454807580 0.000532663721097 0.000726226168905 0.000970670336930 0.001261893219118 0.001587158970896 0.001924647463360 0.002245353521804 0.002517462518131 0.002712344838583 0.002810469835780 0.002805333896987 0.002704135523465 0.002525145193975 0.002292900776621 0.002032943071946 0.001767607464051 0.001513659333601 0.001281757470337 0.001077206100822 0.000901314824698 0.000752821253176 0.000629068769828 0.000526840296679 0.000442875679430 0.000374151068403 0.000318001961259 0.000272154438989 0.000234708306815 0.000204098693956 0.000179050813763 0.000158535276736 0.000141727206637 0.000127970247527 0.000116745518992 0.000107645154301 0.000100349926545 0.000094610461494 0.000090231560807 0.000087059178054 0.000084969591972 0.000083860315767 0.000083642284943 0.000084232899744 0.000085549581425 0.000087503649959 0.000089994555709 0.000092904803885 0.000096096297439 0.000099409282915 0.000102665601782 0.000105678511824 0.000108271942441 0.000110312694473 0.000111759822079 0.000112736269919 0.000113628717115 0.000115222128975 0.000118874693906 0.000126734428792
0.000147124763362 0.000178848865734 0.000229634086406 0.000307349665024 0.000420875496371 0.000578955845981 0.000788277948214 0.001050883042520 0.001361394992642 0.001704956587306 0.002056966489535 0.002385459723746 0.002656180026599 0.002839281488547 0.002915695604140 0.002881058511155 0.002745906488508 0.002532260437266 0.002268015539705 0.001981108309759 0.001695098480095 0.001426918089870 0.001186638369159 0.000978567489402 0.000802896570581 0.000657308630048 0.000538249075094 0.000441785929918 0.000364116441968 0.000301820026636 0.000251951907507 0.000212047903881 0.000180085963778 0.000154430927095 0.000133776422297 0.000117090358949 0.000103566446100 0.000092582186828 0.000083662958332 0.000076451534190 0.000070682414834 0.000066160424890 0.000062743115145 0.000060326533917 0.000058833903441 0.000058206671975 0.000058397344134 0.000059363456559 0.000061062096953 0.000063444487833 0.000066450391563 0.000070002451078 0.000074001066313 0.000078321014875 0.000082811744544 0.000087304070311 0.000091626871774 0.000095638279966 0.000099276747645 0.000102638282304 0.000106086858557 0.000110405177526 0.000116991369715 0.000128101589923
0.000151414958335 0.000187852833641 0.000244606612756 0.000330025511255 0.000453475823822 0.000624053471232 0.000848460640289 0.001128187441502 0.001456556778268 0.001816625827309 0.002181133249004 0.002515365018846 0.002782900046937 0.002952967498094 0.003007200121395 0.002943501085558 0.002775730039478 0.002529512995994 0.002235871380593 0.001924880533972 0.001621094470095 0.001341439666301 0.001095292524300 0.000885912904611 0.000712359175770 0.000571267254948 0.000458202250918 0.000368538588268 0.000297952915061 0.000242649668054 0.000199425132115 0.000165645751455 0.000139187996880 0.000118366229657 0.000101861727877 0.000088658418933 0.000077986875851 0.000069276301334 0.000062113576098 0.000056208405164 0.000051363804099 0.000047451418687 0.000044391347878 0.000042136190974 0.000040658966643 0.000039944390685 0.000039982810052 0.000040765934728 0.000042283442429 0.000044519594021 0.000047449216648 0.000051032801313 0.000055211030997 0.000059899806297 0.000064987762756 0.000070339355327 0.000075807779931 0.000081263245942 0.000086643324840 0.000092033159101 0.000097783990453 0.000104678208479 0.000114146674227 0.000128536935117
0.000154946109491 0.000196100703704 0.000258798936511 0.000351807656228 0.000484906383979 0.000667464807277 0.000906130199295 0.001201800397604 0.001546511330704 0.001921328239829 0.002296513842678 0.002634864446636 0.002898083537820 0.003054728036055 0.003087281287134 0.002995918618085 0.002797685467324 0.002521575042302 0.002201461269466 0.001869309986548 0.001550485332773 0.001261798834374 0.001011886390809 0.000802956799199 0.000632955665348 0.000497500347866 0.000391305227533 0.000309078964158 0.000246003310719 0.000197931560312 0.000161423157797 0.000133695438468 0.000112541715660 0.000096242348441 0.000083481321839 0.000073272903352 0.000064898875782 0.000057855110083 0.000051805818509 0.000046544085064 0.000041957796181 0.000038000618931 0.000034668029214 0.000031978500093 0.000029959824117 0.000028640227991 0.000028043547004 0.000028187369772 0.000029082835167 0.000030734724043 0.000033140669861 0.000036288723170 0.000040153147883 0.000044689205706 0.000049828804926 0.000055480244492 0.000061536839019 0.000067900880999 0.000074531039910 0.000081522686731 0.000089231389883 0.000098449239053 0.000110640293052 0.000128232650825
0.000157813898761 0.000203592306552 0.000272111289038 0.000372489324928 0.000514842500916 0.000708737142080 0.000960706005315 0.001271038267896 0.001630538236455 0.002018426969426 0.002402730125178 0.002744050543859 0.003002504787381 0.003146179850517 0.003158463171511 0.003041687107521 0.002815831762814 0.002512941506062 0.002169441500245 0.001818960443829 0.001487541703532 0.001191838198212 0.000939761390684 0.000732515055227 0.000566985998553 0.000437823131266 0.000338932564125 0.000264392360716 0.000208918725495 0.000168038357936 0.000138093920379 0.000116169179034 0.000099985492030 0.000087796823528 0.000078295247128 0.000070530317970 0.000063841382547 0.000057800213961 0.000052161234723 0.000046817303616 0.000041760082111 0.000037044977510 0.000032761324824 0.000029008685859 0.000025879913834 0.000023451064434 0.000021777510373 0.000020894929032 0.000020823343584 0.000021572203873 0.000023144627142 0.000025539366169 0.000028749806845 0.000032760304498 0.000037541459114 0.000043047523140 0.000049221027522 0.000056011827950 0.000063419932091 0.000071573336014 0.000080853122055 0.000092077311398 0.000106750764813 0.000127377917106
0.000160107158997 0.000210330316936 0.000284453300418 0.000391879534354 0.000542984683076 0.000747458278637 0.001011671341398 0.001335313191026 0.001708050966249 0.002107457643863 0.002499606448835 0.002843228828870 0.003097132035377 0.003229079392040 0.003223321025713 0.003084118721249 0.002834034933704 0.002507784264528 0.002144024992284 0.001777848100081 0.001435900904471 0.001134699788797 0.000881509064117 0.000676622467620 0.000515957007816 0.000393266306248 0.000301704651973 0.000234762028530 0.000186720588376 0.000152802632079 0.000129147624700 0.000112711192072 0.000101140978174 0.000092657489452 0.000085951288928 0.000080098353537 0.000074490652087 0.000068777346190 0.000062812311868 0.000056605084944 0.000050274169167 0.000044003353819 0.000038002856246 0.000032477509549 0.000027603846460 0.000023516962762 0.000020306782273 0.000018022122885 0.000016680059338 0.000016277652904 0.000016803206184 0.000018244740498 0.000020594289594 0.000023847787016 0.000028001787267 0.000033050047146 0.000038985152868 0.000045812887480 0.000053589714085 0.000062496190544 0.000072960598071 0.000085846352449 0.000102711911072 0.000126139763084
0.000161897445978 0.000216312710757 0.000295739342775 0.000409800823575 0.000569057862674 0.000783255942731 0.001058570853113 0.001394125268302 0.001778578919065 0.002188094072831 0.002587112473886 0.002932832762152 0.003183013589450 0.003305184985656 0.003284330740321 0.003126314502718 0.002855841413544 0.002509861534637 0.002128937126114 0.001749448693988 0.001398625572109 0.001092932673757 0.000839124244884 0.000636728262193 0.000480817439594 0.000364347791560 0.000279792710658 0.000220102897486 0.000179157397789 0.000151889904611 0.000134238889436 0.000123021914461 0.000115793088599 0.000110713133036 0.000106442687546 0.000102058564344 0.000096987228995 0.000090948134587 0.000083900411306 0.000075988810486 0.000067487809428 0.000058745583472 0.000050131500151 0.000041991506665 0.000034615221097 0.000028216963682 0.000022930868567 0.000018818153218 0.000015883067007 0.000014093263676 0.000013400390106 0.000013757415556 0.000015130424781 0.000017504079753 0.000020881645837 0.000025282430357 0.000030741813038 0.000037321829491 0.000045143386089 0.000054454199145 0.000065748576743 0.000079954708695 0.000098699878359 0.000124650501464
0.000163232864819 0.000221527525195 0.000305884801487 0.000426086940672 0.000592809825860 0.000815795664363 0.001101005767598 0.001447051914510 0.001841746492727 0.002260111772039 0.002665306092085 0.003013342985203 0.003261174260996 0.003376136732647 0.003343743895591 0.003171049965143 0.002884390329423 0.002522470509605 0.002127417789259 0.001736752701604 0.001378311201652 0.001068649006992 0.000814204137279 0.000613931966657 0.000462223908659 0.000351361486339 0.000273222387296 0.000220271400515 0.000186011853893 0.000165094438170 0.000153243484596 0.000147109548670 0.000144112257780 0.000142304618815 0.000140268506611 0.000137038302303 0.000132043287618 0.000125057700807 0.000116148980382 0.000105618456957 0.000093933391379 0.000081653625320 0.000069359219031 0.000057586671276 0.000046780521432 0.000037264692176 0.000029234598694 0.000022767715240 0.000017847734776 0.000014396141528 0.000012305018388 0.000011465978857 0.000011791836207 0.000013229616227 0.000015765577586 0.000019425045493 0.000024272278756 0.000030418481163 0.000038049449139 0.000047487829183 0.000059307558699 0.000074518032574 0.000094830170674 0.000123002014132
0.000164135968043 0.000225950086392 0.000314803561654 0.000440580808179 0.000614009200073 0.000844777625590 0.001138627626491 0.001493735568197 0.001897250982915 0.002323351831661 0.002734279614943 0.003085214217460 0.003332524934367 0.003443355262937 0.003403486586585 0.003220687763048 0.002922354237017 0.002548428229920 0.002142250398883 0.001742345689825 0.001377216465652 0.001063699334787 0.000808161089754 0.000609224465186 0.000460799981208 0.000354643491540 0.000282135999089 0.000235312893501 0.000207323490955 0.000192528641676 0.000186408181198 0.000185396559871 0.000186716510740 0.000188244116538 0.000188413956204 0.000186157942594 0.000180863835435 0.000172337550651 0.000160755877532 0.000146601645146 0.000130580179888 0.000113522424409 0.000096284866073 0.000079658438449 0.000064297522389 0.000050676560602 0.000039076719864 0.000029599854836 0.000022202991121 0.000016744411846 0.000013032355542 0.000010868914492 0.000010084270300 0.000010559224620 0.000012236642231 0.000015124850922 0.000019298483954 0.000024905073394 0.000032189113034 0.000041549050024 0.000053645738953 0.000069581347375 0.000091162463785 0.000121245970211
0.000164604998859 0.000229542498158 0.000322406778350 0.000453132977597 0.000632443315522 0.000869932937750 0.001171131234526 0.001533870821132 0.001944840830491 0.002377687122375 0.002794111521109 0.003148811959130 0.003397786512979 0.003507958680250 0.003465078409141 0.003277109999521 0.002971896568206 0.002590064607821 0.002175797891225 0.001768490547588 0.001397390519987 0.001079839681693 0.000822420796183 0.000623706254809 0.000477362047482 0.000374792746576 0.000306995544770 0.000265635887391 0.000243524859736 0.000234714313162 0.000234392861190 0.000238711274605 0.000244613909741 0.000249712238457 0.000252208145652 0.000250856748341 0.000244949176892 0.000234293509240 0.000219175452194 0.000200287827291 0.000178627467834 0.000155367532589 0.000131720343037 0.000108809076955 0.000087565425883 0.000068665212739 0.000052506526226 0.000039227182790 0.000028752179764 0.000020858467354 0.000015244136488 0.000011591416149 0.000009616620042 0.000009104244193 0.000009926011175 0.000012048545655 0.000015535828530 0.000020555165735 0.000027398582209 0.000036535268442 0.000048714049865 0.000065135743643 0.000087710324438 0.000119398380590
0.000164617499559 0.000232254960052 0.000328602842370 0.000463600691744 0.000647916207204 0.000891019769852 0.001198247455064 0.001567191877758 0.001984295448314 0.002422992341185 0.002844825327155 0.003204360203640 0.003457428440964 0.003570696087010 0.003529567337806 0.003341662522006 0.003034634313538 0.002649212215601 0.002230026703403 0.001817189755838 0.001440773660060 0.001118866337095 0.000858582992459 0.000658762876465 0.000513096706734 0.000412837369856 0.000348725978422 0.000312122089084 0.000295510567303 0.000292605550841 0.000298244824995 0.000308213620801 0.000319082041155 0.000328095584377 0.000333125679325 0.000332665834774 0.000325847477890 0.000312446560730 0.000292856260154 0.000268010880073 0.000239258978939 0.000208196828378 0.000176483531165 0.000145664113805 0.000117025628938 0.000091504362696 0.000069651745757 0.000051655397850 0.000037402702913 0.000026569277491 0.000018714184620 0.000013366972377 0.000010096997570 0.000008561296936 0.000008532218171 0.000009909624398 0.000012725016579 0.000017147135435 0.000023501273335 0.000032317897396 0.000044429511803 0.000061135871021 0.000084453074846 0.000117446721947
0.000164135301406 0.000234028403277 0.000333298370078 0.000471847613997 0.000660246984574 0.000907819710626 0.001219736412539 0.001593461109749 0.002015407591378 0.002459118973540 0.002886356565851 0.003251900706895 0.003511621434982 0.003631895838526 0.003597476544401 0.003415104563527 0.003111596129419 0.002727179620817 0.002306502256003 0.001890208547982 0.001509250667727 0.001182697783082 0.000918526107938 0.000716183008513 0.000569681053139 0.000470345529788 0.000408806065872 0.000376188556025 0.000364664372804 0.000367576795306 0.000379345950759 0.000395301465223 0.000411535236328 0.000424818021962 0.000432586528853 0.000432982411099 0.000424910222685 0.000408077134721 0.000382982127395 0.000350834686271 0.000313399927628 0.000272784728170 0.000231193689814 0.000190691188873 0.000153004639684 0.000119395019187 0.000090606393391 0.000066890630761 0.000048090674903 0.000033758423273 0.000023282295176 0.000016003950488 0.000011311119911 0.000008701616085 0.000007820389508 0.000008476114695 0.000010646482349 0.000014483110593 0.000020328896240 0.000028763318830 0.000040694194699 0.000057515626457 0.000081347649796 0.000115358068898
0.000163110072521 0.000234797963166 0.000336400025375 0.000477744253767 0.000669268768480 0.000920134711979 0.001235381595946 0.001612459341347 0.002037969008424 0.002485875912876 0.002918528445868 0.003291263989572 0.003560203932222 0.003691427052380 0.003668760332750 0.003497559095607 0.003203168899397 0.002824698482079 0.002406343116068 0.001989043377222 0.001604639397422 0.001273385925689 0.001004439501590 0.000798206229825 0.000649337892953 0.000549479045839 0.000489311726408 0.000459813502641 0.000452861947648 0.000461398776222 0.000479359566678 0.000501527395883 0.000523411336573 0.000541198582937 0.000551787381929 0.000552878191771 0.000543082614469 0.000522003594747 0.000490245639756 0.000449328808743 0.000401501680223 0.000349471620459 0.000296089932020 0.000244040052741 0.000195576292771 0.000152349081651 0.000115333812521 0.000084859410704 0.000060715198121 0.000042304356989 0.000028810674125 0.000019350997542 0.000013095963064 0.000009352567975 0.000007611335064 0.000007566792686 0.000009122964838 0.000012396739947 0.000017732901009 0.000025746292255 0.000037408904717 0.000054200710499 0.000078339074044 0.000113087077251
0.000161488834925 0.000234496904504 0.000337817007737 0.000481169114991 0.000674828382923 0.000927784938354 0.001244985306855 0.001623978399049 0.002051759939295 0.002503016235591 0.002941036508066 0.003322052105856 0.003602661953528 0.003748673708167 0.003742768062085 0.003588462007145 0.003309029542549 0.002941839124414 0.002530125785811 0.002114824536926 0.001728600642783 0.001393040824218 0.001118767067420 0.000907485404905 0.000754813377886 0.000652980633484 0.000592906535700 0.000565524025887 0.000562450648769 0.000576206147744 0.000600182656823 0.000628532974092 0.000656086209145 0.000678345321331 0.000691575007430 0.000692953759426 0.000680741896339 0.000654408898372 0.000614668657056 0.000563388997776 0.000503368364938 0.000438001980628 0.000370884970007 0.000305414440386 0.000244452540928 0.000190098317988 0.000143591974118 0.000105347779694 0.000075088636036 0.000052041430704 0.000035149837846 0.000023268557076 0.000015316243054 0.000010378909988 0.000007767659050 0.000007042261720 0.000008015504784 0.000010753749455 0.000015588869950 0.000023157138258 0.000034481933561 0.000051117728416 0.000075368907524 0.000110583108376
0.000159219097049 0.000233060736110 0.000337464088772 0.000482010607268 0.000676786986667 0.000930607832353 0.001248365860310 0.001627816387571 0.002056542903736 0.002510230476983 0.002953442467582 0.003343633245706 0.003638122491884 0.003802521749541 0.003818216976856 0.003686511463115 0.003428063337379 0.003077894794542 0.002677738023820 0.002268147454160 0.001882459824049 0.001543655576184 0.001264045710038 0.001046945125289 0.000889257539394 0.000784075200829 0.000722760224822 0.000696327180043 0.000696188303765 0.000714439337632 0.000743886544680 0.000777984529368 0.000810801539510 0.000837072768678 0.000852352045387 0.000853232589646 0.000837580873915 0.000804716217620 0.000755473740821 0.000692108825626 0.000618033252079 0.000537409592094 0.000454662326525 0.000373983149254 0.000298908906500 0.000232033458019 0.000174884551710 0.000127962164256 0.000090904982204 0.000062733690273 0.000042116215989 0.000027609225033 0.000017847021340 0.000011667599746 0.000008181035255 0.000006795087448 0.000007216789084 0.000009448651757 0.000013796456053 0.000020904451544 0.000031833826125 0.000048200148010 0.000072381541339 0.000107796168941
0.000156253440557 0.000230431363579 0.000335265133645 0.000480169779749 0.000675021834861 0.000928458703234 0.001245356930285 0.001623776115592 0.002052061163608 0.002507146681243 0.002955177406535 0.003355148380051 0.003665361044104 0.003851360754185 0.003893176994620 0.003789622226611 0.003558274937630 0.003231241105443 0.002848185886823 0.002448834646902 0.002066937662773 0.001726822701619 0.001442623985783 0.001219515899506 0.001055982670026 0.000946256384710 0.000882363528759 0.000855550712242 0.000857105979295 0.000878724946707 0.000912610554730 0.000951476096080 0.000988573647054 0.001017813963741 0.001033990420198 0.001033074917990 0.001012522214709 0.000971504479416 0.000911002396573 0.000833702472563 0.000743687976854 0.000645954815386 0.000545822699240 0.000448335821294 0.000357749249402 0.000277176869285 0.000208439989087 0.000152113137706 0.000107726687083 0.000074063400839 0.000049481395284 0.000032207159692 0.000020563133135 0.000013117427409 0.000008762462003 0.000006741212330 0.000006644261341 0.000008399977469 0.000012276957328 0.000018914984667 0.000029399282239 0.000045391725489 0.000069328552312 0.000104681615147
0.000152553530679 0.000226561212901 0.000331157085858 0.000475563953306 0.000669429364165 0.000921213144183 0.001235809427156 0.001611667083709 0.002038042223106 0.002493337489857 0.002945554525621 0.003355530344943 0.003682824395472 0.003893102790353 0.003965072472746 0.003894893028633 0.003696703265241 0.003399184079562 0.003039368307137 0.002655640095127 0.002281796925458 0.001943342259719 0.001656252936574 0.001427727514337 0.001258074819069 0.001142926481563 0.001075201792410 0.001046551598353 0.001048250084086 0.001071648706814 0.001108362728946 0.001150355017934 0.001190041626187 0.001220489351504 0.001235719688999 0.001231084516331 0.001203642714595 0.001152449088039 0.001078670993040 0.000985474293909 0.000877663915714 0.000761115702266 0.000642082606647 0.000526486903184 0.000419312941657 0.000324191080786 0.000243219834489 0.000177022408130 0.000124989541751 0.000085633447000 0.000056971988071 0.000036875637849 0.000023334849365 0.000014633335087 0.000009435865554 0.000006813490946 0.000006234206252 0.000007545441607 0.000010969961119 0.000017131985037 0.000027127197904 0.000042648070810 0.000066171469713 0.000101203730998
0.000148093588495 0.000221417305650 0.000325094415624 0.000468131329390 0.000659929790328 0.000908771581364 0.001219596297791 0.001591311457789 0.002014206752724 0.002468334574249 0.002923791748786 0.003343535943129 0.003688670153127 0.003925221872548 0.004030707520825 0.003998597863153 0.003839356088784 0.003577817174667 0.003247842604555 0.002885919790040 0.002525426093191 0.002192736416746 0.001905555145925 0.001673157452322 0.001497843896365 0.001376865683831 0.001304255219268 0.001272254210181 0.001272261687263 0.001295376970198 0.001332683531161 0.001375427749319 0.001415215313258 0.001444297117412 0.001455959748109 0.001444983124801 0.001408087727909 0.001344273266725 0.001254954520836 0.001143829297855 0.001016462902864 0.000879632242309 0.000740525807519 0.000605928731582 0.000481525300464 0.000371423577936 0.000277956199204 0.000201752342525 0.000142024501202 0.000096982233968 0.000064278679118 0.000041411407674 0.000026028659764 0.000016124650469 0.000010134677900 0.000006957382166 0.000005937214850 0.000006837736633 0.000009829912390 0.000015512865063 0.000024979627187 0.000039936947921 0.000062883329912 0.000097338357080
0.000142863380913 0.000214985276225 0.000317054024958 0.000457836632790 0.000646473381446 0.000891066238165 0.001196620633675 0.001562554465493 0.001980283360829 0.002431650781906 0.002889044564120 0.003317791761746 0.003680824712963 0.003944817811896 0.004086322293873 0.004096213960945 0.003981183731772 0.003761913942804 0.003468614000874 0.003135305721320 0.002794398030903 0.002472705465215 0.002189400337940 0.001955753366386 0.001776120777553 0.001649528511722 0.001571314401194 0.001534499506130 0.001530769538969 0.001551100638239 0.001586145932957 0.001626520394880 0.001663099971560 0.001687404949239 0.001692081328944 0.001671439404774 0.001621965789905 0.001542702756629 0.001435393082845 0.001304320998113 0.001155834777089 0.000997601796726 0.000837705764697 0.000683732003471 0.000541989415701 0.000416985858354 0.000311216224247 0.000225255878203 0.000158094348039 0.000107609115358 0.000071072662210 0.000045604282181 0.000028511889337 0.000017506243162 0.000010800713521 0.000007128446015 0.000005714988701 0.000006241180285 0.000008823034626 0.000014026742023 0.000022930208986 0.000037237773922 0.000059449346688 0.000093074747714
0.000136870763612 0.000207273297092 0.000307040563481 0.000444677792356 0.000629048511712 0.000868070746823 0.001166827440996 0.001525279652448 0.001936029670945 0.002382810430280 0.002840449556874 0.003276854441289 0.003657061299887 0.003948708143483 0.004127687694475 0.004182499751039 0.004116113285743 0.003944887411872 0.003694990424825 0.003397433682110 0.003083060416714 0.002778584572709 0.002504245087557 0.002273081735186 0.002091445512152 0.001960202406402 0.001876137246754 0.001833223861788 0.001823609850118 0.001838311099417 0.001867699798195 0.001901901609431 0.001931205799743 0.001946552026108 0.001940103520285 0.001905861517159 0.001840231697528 0.001742430629193 0.001614625860589 0.001461739125473 0.001290902011621 0.001110624015102 0.000929795939328 0.000756689437065 0.000598114717495 0.000458862077536 0.000341489192773 0.000246442964526 0.000172441927165 0.000117007661914 0.000077027308219 0.000049250264835 0.000030659814012 0.000018701584597 0.000011384602413 0.000007291157214 0.000005538235006 0.000005729190281 0.000007924760183 0.000012652133801 0.000020962402824 0.000034540644860 0.000055866947662 0.000088416797493
0.000130143766620 0.000198315823434 0.000295092034161 0.000428693567419 0.000607691490868 0.000839812531384 0.001130219336660 0.001479429377806 0.001881260146803 0.002321388196599 0.002777179089948 0.003219286024961 0.003615099378348 0.003933551113117 0.004150244857326 0.004251634991394 0.004237164217772 0.004118848646763 0.003918548726597 0.003663785309922 0.003383231439491 0.003102884905278 0.002843526309852 0.002619593979616 0.002439235675962 0.002305112588275 0.002215525139334 0.002165538980976 0.002147938591776 0.002153969320550 0.002173918075422 0.002197622322095 0.002214993728690 0.002216609211579 0.002194371917155 0.002142191483188 0.002056589772307 0.001937116820399 0.001786469841730 0.001610247493857 0.001416335571083 0.001213994442176 0.001012783593502 0.000821496176946 0.000647274948476 0.000495040015512 0.000367289719523 0.000264257996685 0.000184345530351 0.000124703388767 0.000081842554344 0.000052166376217 0.000032363946357 0.000019646744554 0.000011847078794 0.000007418544641 0.000005385343056 0.000005282442031 0.000007117674820 0.000011374934250 0.000019067730481 0.000031845100309 0.000052145347087 0.000083383723992
0.000122732153421 0.000188176990720 0.000281285457858 0.000409971880467 0.000582497986934 0.000806387893443 0.001086876248074 0.001425030770621 0.001815880989608 0.002247056964281 0.002698507472895 0.003143744747333 0.003552726091330 0.003896001430944 0.004149293653319 0.004297432242344 0.004336662798228 0.004274794041346 0.004129257718048 0.003923708383497 0.003684084374113 0.003435021202091 0.003197226026676 0.002986038642212 0.002811069856697 0.002676610248568 0.002582454093937 0.002524845062045 0.002497363523519 0.002491689540909 0.002498259883571 0.002506880280982 0.002507357405130 0.002490187961169 0.002447297096790 0.002372768909107 0.002263471844980 0.002119463583180 0.001944071618047 0.001743588663904 0.001526588829740 0.001302946102718 0.001082701226653 0.000874958134481 0.000686985655586 0.000523654769606 0.000387268564964 0.000277761329363 0.000193176111338 0.000130292048244 0.000085269275808 0.000054205305130 0.000033540217668 0.000020294452327 0.000012160516340 0.000007492226330 0.000005241547531 0.000004887532978 0.000006389909654 0.000010186697693 0.000017244122120 0.000029158752049 0.000048304755898 0.000078010236390
0.000114708322968 0.000176953405699 0.000265742222365 0.000388658412386 0.000553635595478 0.000767979421243 0.001036978859953 0.001362227036368 0.001739932120998 0.002159644689788 0.002603888616729 0.003049091078760 0.003467939369500 0.003832898607949 0.004120231218326 0.004313623905027 0.004406566046279 0.004402942907715 0.004315795487058 0.004164673456057 0.003972303221506 0.003761333481987 0.003551739544954 0.003359172974867 0.003194256050856 0.003062624821898 0.002965447247950 0.002900164341028 0.002861279824348 0.002841114863832 0.002830518387354 0.002819565413592 0.002798283160318 0.002757423475376 0.002689260976236 0.002588352511815 0.002452158920750 0.002281416905005 0.002080164911748 0.001855373039428 0.001616195132382 0.001372935834194 0.001135886770424 0.000914216529176 0.000715088804438 0.000543133631730 0.000400321253969 0.000286207097039 0.000198450546110 0.000133474406730 0.000087130887913 0.000055268090795 0.000034135908145 0.000020617482557 0.000012310217292 0.000007502496959 0.000005098334704 0.000004535989111 0.000005733891033 0.000009083214619 0.000015494406685 0.000026495843984 0.000044375278098 0.000072346170148
0.000106167370113 0.000164775974700 0.000248632575064 0.000364964757981 0.000521356747905 0.000724874884980 0.000980835016793 0.001291313420506 0.001653635661670 0.002059199733200 0.002493044483038 0.002934507932562 0.003359110915206 0.003741485224474 0.004058837326347 0.004294222366254 0.004438896060945 0.004493233718039 0.004466082327462 0.004372807275437 0.004232574639122 0.004065496943001 0.003890171530606 0.003721927620154 0.003571864069298 0.003446579164275 0.003348400505894 0.003275912835898 0.003224626479008 0.003187695198632 0.003156651974782 0.003122168166135 0.003074850228930 0.003006071838253 0.002908806659661 0.002778390438604 0.002613113602979 0.002414538901569 0.002187459615928 0.001939462517914 0.001680127372782 0.001419965882656 0.001169258699522 0.000936973285841 0.000729929741648 0.000552329230908 0.000405684030972 0.000289109396884 0.000199875254445 0.000134083651732 0.000087339688409 0.000055313289947 0.000034134388327 0.000020610796903 0.000012295095469 0.000007448222061 0.000004952911515 0.000004223481277 0.000005145362431 0.000008063342071 0.000013824955016 0.000023875775844 0.000040395509658 0.000066455532248
0.000097226085873 0.000151810330363 0.000230178548317 0.000339175143463 0.000486010699788 0.000677486161482 0.000918907508347 0.001212776215754 0.001557449284884 0.001946062968890 0.002366062380067 0.002799632426437 0.003225165193065 0.003619649310032 0.003961598326374 0.004233942653108 0.004426273187991 0.004535969556044 0.004568026847101 0.004533713916836 0.004448447350191 0.004329377690185 0.004193148280516 0.004054144722519 0.003923372524120 0.003807943765813 0.003711056179051 0.003632315748556 0.003568271040293 0.003513069270263 0.003459187410789 0.003398220601802 0.003321717771007 0.003222041777916 0.003093205489274 0.002931606793741 0.002736566470620 0.002510573430547 0.002259167711139 0.001990441607676 0.001714204405536 0.001440921368158 0.001180585601566 0.000941698034398 0.000730509843523 0.000550627490739 0.000403006945823 0.000286289524533 0.000197375228474 0.000132102245678 0.000085905995915 0.000054361493975 0.000033557030050 0.000020292078801 0.000012127535879 0.000007336391326 0.000004807622761 0.000003949157572 0.000004622608354 0.000007128050244 0.000012244471349 0.000021321607662 0.000036410842543 0.000060414886069
0.000088020676818 0.000138255371139 0.000210654465107 0.000311650412072 0.000448052833810 0.000626365971035 0.000851840629946 0.001127331892162 0.001452121265095 0.001820943204302 0.002223497133615 0.002644694241567 0.003065767644356 0.003466181030350 0.003826055442500 0.004128667843920 0.004362522382230 0.004522582406638 0.004610453287187 0.004633555232714 0.004603540864643 0.004534333418868 0.004440168725848 0.004333939296136 0.004226008340807 0.004123533596246 0.004030248503564 0.003946603240709 0.003870163812068 0.003796187549469 0.003718319980267 0.003629377326508 0.003522183681913 0.003390421961727 0.003229438259954 0.003036919363347 0.002813352869462 0.002562187218259 0.002289638900918 0.002004143931311 0.001715511183418 0.001433892462651 0.001168722949810 0.000927794329385 0.000716597505759 0.000538017684979 0.000392395242566 0.000277898464022 0.000191104870848 0.000127666125327 0.000082938933642 0.000052494606869 0.000032462003071 0.000019700526742 0.000011832358252 0.000007181276271 0.000004669261884 0.000003715035606 0.000004165830064 0.000006279652901 0.000010762927091 0.000018858560120 0.000032471480718 0.000054311013882
0.000078703027281 0.000124339446789 0.000190384108298 0.000282827757424 0.000408049032784 0.000572219390886 0.000780481683889 0.001035961755185 0.001338741908304 0.001684989850788 0.002066471134165 0.002470652118195 0.002881511206231 0.003281028727484 0.003651156316211 0.003975927516911 0.004243312242637 0.004446463704458 0.004584145860594 0.004660317435402 0.004683026103295 0.004662883689588 0.004611427467834 0.004539631437833 0.004456744120589 0.004369531227095 0.004281920646141 0.004194997381905 0.004107277160918 0.004015190030478 0.003913716711667 0.003797129914748 0.003659793863829 0.003496967108429 0.003305540141472 0.003084627622845 0.002835933038850 0.002563817885077 0.002275040119065 0.001978174496624 0.001682781537533 0.001398439805007 0.001133785167470 0.000895701850042 0.000688781497401 0.000515114269150 0.000374412833063 0.000264411187837 0.000181438936573 0.000121055539622 0.000078638665611 0.000049849915562 0.000030940057066 0.000018894000861 0.000011444947477 0.000007003219337 0.000004548272073 0.000003525430989 0.000003776642147 0.000005521198579 0.000009390635444 0.000016512534100 0.000028630195965 0.000048237832651
0.000069435428503 0.000110313835706 0.000169733706952 0.000253214621114 0.000366672561220 0.000515906403421 0.000705892360296 0.000939935679131 0.001218783490226 0.001539853495333 0.001896761232887 0.002279315270784 0.002674084688782 0.003065532857111 0.003437580681285 0.003775349025214 0.004066771503022 0.004303787207379 0.004482914788580 0.004605146290437 0.004675239735901 0.004700594771352 0.004689943477365 0.004652077734850 0.004594781857690 0.004524068720742 0.004443751396732 0.004355333860196 0.004258177132619 0.004149887174931 0.004026869971859 0.003884999960136 0.003720345273061 0.003529886366320 0.003312156169185 0.003067725377575 0.002799461614305 0.002512510241187 0.002213978145829 0.001912345946626 0.001616680422099 0.001335756948359 0.001077221219238 0.000846914279752 0.000648454847491 0.000483124445990 0.000350045430520 0.000246592357935 0.000168944114373 0.000112673365966 0.000073280897701 0.000046609602703 0.000029107751710 0.000017944823088 0.000011008728648 0.000006827146902 0.000004457874097 0.000003386423951 0.000003457675213 0.000004856009145 0.000008137472771 0.000014308686949 0.000024939885643 0.000042292605524
0.000060383861035 0.000096443391499 0.000149100159579 0.000223375389639 0.000324690930802 0.000458431415706 0.000629344056873 0.000840816829550 0.001094118271365 0.001387721424257 0.001716856767593 0.002073430730360 0.002446399747370 0.002822608515647 0.003188002003218 0.003529030575413 0.003834014041822 0.004094231675093 0.004304562438143 0.004463595902883 0.004573241516526 0.004637952985793 0.004663736040476 0.004657116227856 0.004624216507938 0.004570047517942 0.004498062567088 0.004409986363160 0.004305896334957 0.004184517596876 0.004043683038490 0.003880904066702 0.003693991896455 0.003481663430866 0.003244061576620 0.002983121056432 0.002702721119521 0.002408588350826 0.002107945216392 0.001808938812294 0.001519922107587 0.001248688170317 0.001001768943766 0.000783900194253 0.000597724555805 0.000443761419526 0.000320625580551 0.000225436406744 0.000154334100062 0.000103013241506 0.000067195371940 0.000042986884624 0.000027098893011 0.000016934688945 0.000010572247323 0.000006680943643 0.000004413184067 0.000003305383959 0.000003212282516 0.000004287360651 0.000007012260518 0.000012270119971 0.000021451038248 0.000036571584735
0.000051710130609 0.000082994589563 0.000128894413905 0.000193910128732 0.000282940821302 0.000400916095093 0.000552291175559 0.000740438561958 0.000967002453502 0.001231312235403 0.001529968724658 0.001856711947812 0.002202646201163 0.002556839135343 0.002907237869688 0.003241775156436 0.003549492319891 0.003821497468999 0.004051610561406 0.004236611940108 0.004376089668185 0.004471952630702 0.004527725008151 0.004547756216354 0.004536471105228 0.004497756811387 0.004434546092108 0.004348621408957 0.004240634907417 0.004110318245333 0.003956841673670 0.003779271671479 0.003577069051678 0.003350564645768 0.003101348716250 0.002832515485657 0.002548717604633 0.002256007738242 0.001961473973290 0.001672708227668 0.001397176056220 0.001141575587923 0.000911277643280 0.000709926350661 0.000539251916311 0.000399110326403 0.000287726749323 0.000202088239124 0.000138413064538 0.000092621068226 0.000060740773443 0.000039210327627 0.000025055122460 0.000015949240623 0.000010186159391 0.000006593848003 0.000004430398187 0.000003290582883 0.000003044356919 0.000003818307897 0.000006022327854 0.000010416747168 0.000018209258078 0.000031165330770
0.000043563400035 0.000070221656108 0.000109520653138 0.000165425635896 0.000242290451101 0.000344553347238 0.000476317858713 0.000640845754910 0.000840014315481 0.001073813013481 0.001339968076332 0.001633780586776 0.001948240667284 0.002274438062604 0.002602235489531 0.002921118016918 0.003221093483247 0.003493506482831 0.003731645599607 0.003931065682715 0.004089602621768 0.004207113067428 0.004285013615020 0.004325716053510 0.004332056686891 0.004306802720226 0.004252294102934 0.004170251720024 0.004061757274876 0.003927389073699 0.003767481678575 0.003582465601641 0.003373235353478 0.003141490453752 0.002889995287620 0.002622711202274 0.002344768678311 0.002062268373291 0.001781925087850 0.001510594397989 0.001254742901040 0.001019934971201 0.000810408392389 0.000628797566379 0.000476038640544 0.000351460753235 0.000253037983737 0.000177753382459 0.000122013861682 0.000082054201559 0.000054278829824 0.000035508051746 0.000023116663912 0.000015072867971 0.000009900437705 0.000006595028861 0.000004526123620 0.000003350931620 0.000002958269962 0.000003451658565 0.000005173279090 0.000008764426002 0.000015253039353 0.000026154061745
0.000036071884934 0.000058351943219 0.000091352816587 0.000138500507534 0.000203590848669 0.000290542988672 0.000403056942121 0.000544196542795 0.000715938571409 0.000918746099880 0.001151234316608 0.001409995637819 0.001689634917086 0.001983035743075 0.002281839967473 0.002577083131361 0.002859897986978 0.003122184871013 0.003357154903673 0.003559677934137 0.003726405012045 0.003855675551870 0.003947253347363 0.004001957072020 0.004021257799113 0.004006909921055 0.003960666530232 0.003884110368748 0.003778610776010 0.003645398315605 0.003485733332384 0.003301133199977 0.003093615751323 0.002865913786106 0.002621618120605 0.002365214864257 0.002101996312566 0.001837842974948 0.001578894510417 0.001331146465626 0.001100024029461 0.000889990322788 0.000704243260668 0.000544541929850 0.000411183126296 0.000303125117378 0.000218233546973 0.000153607797649 0.000105937874715 0.000071842774103 0.000048150353510 0.000032093452607 0.000021414157913 0.000014384248785 0.000009762068161 0.000006712485124 0.000004716927385 0.000003495874782 0.000002958947681 0.000003190105384 0.000004468990220 0.000007324432745 0.000012612001605 0.000021603471276
0.000029335634870 0.000047572122596 0.000074710847979 0.000113647492944 0.000167620038624 0.000240013467087 0.000334085121038 0.000452627117518 0.000597597123720 0.000769761878704 0.000968405661122 0.001191155325030 0.001433962627595 0.001691263794487 0.001956308710827 0.002221623337111 0.002479545414110 0.002722760962222 0.002944770543270 0.003140229261908 0.003305129162919 0.003436821079733 0.003533898889192 0.003595987699504 0.003623486324047 0.003617313520619 0.003578698847839 0.003509045464736 0.003409876680892 0.003282862946290 0.003129912924183 0.002953302426528 0.002755808997186 0.002540818327886 0.002312371759133 0.002075131843332 0.001834254718499 0.001595172551239 0.001363304493947 0.001143727903375 0.000940850432029 0.000758126017997 0.000597852971352 0.000461080866323 0.000347636897165 0.000256264692601 0.000184852652368 0.000130717418722 0.000090902937333 0.000062457111785 0.000042655570708 0.000029153781007 0.000020062324516 0.000013953026921 0.000009813445309 0.000006972378538 0.000005019161892 0.000003735474828 0.000003052099247 0.000003036526107 0.000003911855718 0.000006103356036 0.000010305793548 0.000017561488470
0.000023421343870 0.000038016979250 0.000059839681244 0.000091277761151 0.000135026676832 0.000193938168840 0.000270804692010 0.000368091287063 0.000487638435244 0.000630369352433 0.000796041201805 0.000983079722866 0.001188529508282 0.001408137902415 0.001636571238475 0.001867741504645 0.002095203821274 0.002312574299375 0.002513916302947 0.002694051065984 0.002848763934111 0.002974896590012 0.003070334325492 0.003133912187759 0.003165272437298 0.003164707598970 0.003133019245612 0.003071414197648 0.002981449058085 0.002865022849044 0.002724407539218 0.002562298639398 0.002381863587230 0.002186764833343 0.001981137503249 0.001769507987354 0.001556649053540 0.001347377827620 0.001146313586484 0.000957620884945 0.000784768435819 0.000630334219643 0.000495882302893 0.000381927472895 0.000287991716705 0.000212743864727 0.000154202648821 0.000109975755938 0.000077504342630 0.000054284153002 0.000038040372329 0.000026842472565 0.000019155930176 0.000013837878354 0.000010091599813 0.000007398872319 0.000005449110043 0.000004080712872 0.000003244615465 0.000002994461647 0.000003503300123 0.000005103461294 0.000008343835364 0.000014056417115
0.000018359988032 0.000029762488303 0.000046894103388 0.000071672386373 0.000106281389796 0.000153058276530 0.000214328163364 0.000292195807574 0.000388311382259 0.000503635094518 0.000638230081690 0.000791113443357 0.000960190578186 0.001142288394218 0.001333289721026 0.001528356725853 0.001722218114501 0.001909486086942 0.002084966162109 0.002243926553718 0.002382302725089 0.002496824969820 0.002585069689931 0.002645446012261 0.002677136713300 0.002680015327977 0.002654559954850 0.002601779535850 0.002523161570631 0.002420642723622 0.002296596860175 0.002153829736679 0.001995566581238 0.001825418531389 0.001647316383893 0.001465405029362 0.001283898600655 0.001106903720670 0.000938225080731 0.000781172638514 0.000638392000943 0.000511738432915 0.000402210476411 0.000309951980467 0.000234322643113 0.000174028338507 0.000127295012581 0.000092064884946 0.000066191837417 0.000047614383559 0.000034489248356 0.000025275601152 0.000018768241662 0.000014086058435 0.000010628310663 0.000008014511182 0.000006023477900 0.000004544029676 0.000003545155287 0.000003068783059 0.000003244560323 0.000004323547915 0.000006726000562 0.000011096774722
0.000014147767661 0.000022824399545 0.000035932106633 0.000054965963725 0.000081644206650 0.000117825430868 0.000165385361247 0.000226058999944 0.000301260400574 0.000391897964630 0.000498206805911 0.000619620400757 0.000754700859410 0.000901140844269 0.001055841225761 0.001215058517349 0.001374606757807 0.001530091617832 0.001677151334136 0.001811680122696 0.001930014525239 0.002029070538712 0.002106427723367 0.002160364168482 0.002189851901614 0.002194525340555 0.002174635579701 0.002131001099359 0.002064961649568 0.001978337524658 0.001873392121218 0.001752792338023 0.001619559585033 0.001477004203999 0.001328637969850 0.001178062739739 0.001028837711204 0.000884332378060 0.000747576325219 0.000621119667019 0.000506918656482 0.000406259469646 0.000319729563140 0.000247240767776 0.000188102237928 0.000141135398920 0.000104818045578 0.000077441435314 0.000057263095982 0.000042639312513 0.000032124786059 0.000024532330105 0.000018951878731 0.000014734383272 0.000011451086499 0.000008841147431 0.000006760251193 0.000005140127975 0.000003964940074 0.000003266558544 0.000003137734971 0.000003760284559 0.000005444245637 0.000008672963804
0.000010750383849 0.000017162784535 0.000026918162907 0.000041145663508 0.000061154573189 0.000088375604757 0.000124271496021 0.000170220631305 0.000227382089274 0.000296554705937 0.000378045566194 0.000471564123889 0.000576156498747 0.000690190478092 0.000811395854519 0.000936957914505 0.001063655287939 0.001188028160798 0.001306559889936 0.001415854787753 0.001512797097277 0.001594680359775 0.001659301517932 0.001705019197661 0.001730779767710 0.001736117428082 0.001721135506819 0.001686475509550 0.001633278673974 0.001563142402236 0.001478071569880 0.001380422865039 0.001272839380387 0.001158172849576 0.001039392187013 0.000919479128503 0.000801314420659 0.000687560658895 0.000580550035607 0.000482186442423 0.000393871290768 0.000316460930154 0.000250260813278 0.000195057881290 0.000150188544667 0.000114635641360 0.000087144438547 0.000066345550987 0.000050871949258 0.000039458213811 0.000031012878334 0.000024658835799 0.000019741768047 0.000015811493055 0.000012584950362 0.000009901395917 0.000007679923925 0.000005887055915 0.000004518776675 0.000003598131926 0.000003187088639 0.000003409971307 0.000004485094278 0.000006760678272
0.000008110191316 0.000012692065509 0.000019736229326 0.000030066450836 0.000044646658529 0.000064540486915 0.000090848268523 0.000124623706651 0.000166775788402 0.000217964526177 0.000278501258470 0.000348265028338 0.000426645706099 0.000512522056856 0.000604279164160 0.000699865101527 0.000796882195517 0.000892704412873 0.000984609896766 0.001069916832085 0.001146111614083 0.001210960454852 0.001262598543427 0.001299594091280 0.001320987460332 0.001326307689209 0.001315569887719 0.001289257184674 0.001248290375310 0.001193987434916 0.001128013991846 0.001052325005188 0.000969097513295 0.000880654522777 0.000789380896217 0.000697633322823 0.000607647905939 0.000521450262832 0.000440774031591 0.000366994037662 0.000301079955442 0.000243575040001 0.000194602521029 0.000153899724519 0.000120877235642 0.000094697748669 0.000074367028530 0.000058827933862 0.000047048011941 0.000038091958232 0.000031172307755 0.000025674928869 0.000021159775059 0.000017341183474 0.000014054932957 0.000011220587427 0.000008807101760 0.000006807589405 0.000005226329999 0.000004078422932 0.000003400590590 0.000003270646542 0.000003832790935 0.000005325720590
0.000006155351333 0.000009295165181 0.000014210614192 0.000021480256053 0.000031787885184 0.000045895406616 0.000064599694924 0.000088674712668 0.000118802434803 0.000155498249002 0.000199038077166 0.000249395168511 0.000306194146368 0.000368688445488 0.000435764915767 0.000505976449418 0.000577600437638 0.000648718163990 0.000717308265710 0.000781346409995 0.000838903377968 0.000888234722049 0.000927856774257 0.000956605709738 0.000973678251876 0.000978654182393 0.000971501913389 0.000952568955753 0.000922559240549 0.000882499067091 0.000833693144800 0.000777671940578 0.000716131480563 0.000650866949179 0.000583701888251 0.000516415438996 0.000450670778312 0.000387948501971 0.000329489061341 0.000276248314250 0.000228869746565 0.000187675923658 0.000152680318881 0.000123618938828 0.000099999310681 0.000081162599636 0.000066353119761 0.000054788505155 0.000045723549459 0.000038501370082 0.000032587187223 0.000027582511249 0.000023220548010 0.000019346568837 0.000015889166052 0.000012829180789 0.000010172475623 0.000007930924975 0.000006113660228 0.000004728454428 0.000003791660124 0.000003344434901 0.000003472873114 0.000004329728656
0.000004809855995 0.000006839808889 0.000010131536787 0.000015074377271 0.000022134160752 0.000031835455908 0.000044732841154 0.000061371899597 0.000082242125499 0.000107725362729 0.000138044507855 0.000173217785776 0.000213023800811 0.000256981761803 0.000304349859152 0.000354142942102 0.000405168657907 0.000456079369761 0.000505435703989 0.000551776680678 0.000593691110717 0.000629885276467 0.000659242711074 0.000680872985723 0.000694147594812 0.000698722135101 0.000694544875092 0.000681852456349 0.000661153859626 0.000633203963290 0.000598968101068 0.000559579075352 0.000516288175847 0.000470411924736 0.000423276529764 0.000376162331249 0.000330250827186 0.000286577060175 0.000245990185945 0.000209124835418 0.000176385407632 0.000147944669406 0.000123757036974 0.000103585727811 0.000087041709312 0.000073631148695 0.000062807045598 0.000054020066329 0.000046763477478 0.000040607637816 0.000035220815075 0.000030375052507 0.000025938126744 0.000021854841374 0.000018122458635 0.000014765580238 0.000011815145228 0.000009294678611 0.000007215024449 0.000005577098094 0.000004381079049 0.000003640019830 0.000003395881986 0.000003736220107
0.000004003258324 0.000005194819656 0.000007281640667 0.000010513031879 0.000015192479195 0.000021666247818 0.000030304723265 0.000041476870626 0.000055519127648 0.000072700971365 0.000093190146463 0.000117020974914 0.000144069182512 0.000174036255049 0.000206445512998 0.000240650983843 0.000275858899867 0.000311160435439 0.000345573268567 0.000378088836455 0.000407721806128 0.000433558312477 0.000454799864717 0.000470800408702 0.000481094740191 0.000485417198817 0.000483710244797 0.000476123085199 0.000463000951268 0.000444865945375 0.000422390603054 0.000396365487160 0.000367662281774 0.000337193998813 0.000305874059364 0.000274576143782 0.000244096799987 0.000215122813394 0.000188205247495 0.000163741820790 0.000141968885875 0.000122963708379 0.000106657034866 0.000092855118506 0.000081269507353 0.000071552067517 0.000063332025139 0.000056251389208 0.000049995100396 0.000044312747696 0.000039029745759 0.000034047384493 0.000029332908595 0.000024902389379 0.000020800216071 0.000017079273161 0.000013785237762 0.000010947151444 0.000008574909615 0.000006663001248 0.000005199010498 0.000004175114755 0.000003600934538 0.000003516367414
0.000003679107139 0.000004244485842 0.000005459970599 0.000007476060644 0.000010481126252 0.000014694178373 0.000020352969640 0.000027697652536 0.000036950778469 0.000048294989247 0.000061850229742 0.000077652608830 0.000095637090394 0.000115625985575 0.000137324756258 0.000160325988792 0.000184121635953 0.000208122857993 0.000231686108624 0.000254143592754 0.000274835910611 0.000293144620132 0.000308522572402 0.000320520169862 0.000328806102245 0.000333181578546 0.000333587537785 0.000330104752426 0.000322947109844 0.000312448663504 0.000299045289207 0.000283251972889 0.000265636907730 0.000246793695758 0.000227313038254 0.000207755351366 0.000188625752635 0.000170352810262 0.000153272320482 0.000137617159454 0.000123513943038 0.000110986813991 0.000099968177558 0.000090315640213 0.000081833815726 0.000074299100799 0.000067485070498 0.000061185894254 0.000055235228385 0.000049518477483 0.000043977153664 0.000038605218596 0.000033438574899 0.000028540000456 0.000023982504528 0.000019834137593 0.000016146700289 0.000012949758928 0.000010250204124 0.000008036605191 0.000006287023816 0.000004978790537 0.000004098904063 0.000003654002030
0.000003801380244 0.000003899635650 0.000004500838685 0.000005690149279 0.000007579554792 0.000010303262743 0.000014010118434 0.000018853205773 0.000024977110028 0.000032503655483 0.000041517220663 0.000052050925231 0.000064075035396 0.000077488832031 0.000092116931999 0.000107710679547 0.000123954774181 0.000140478832527 0.000156873146263 0.000172707547497 0.000187552056204 0.000200997881277 0.000212677371277 0.000222281650328 0.000229574897842 0.000234404509992 0.000236706681695 0.000236507246864 0.000233917890197 0.000229128085700 0.000222393319354 0.000214020315940 0.000204350115365 0.000193739933448 0.000182544798547 0.000171099975329 0.000159705169287 0.000148611441762 0.000138011652202 0.000128035072595 0.000118746588441 0.000110150607410 0.000102199450673 0.000094805614107 0.000087856886771 0.000081232941354 0.000074821725253 0.000068533850242 0.000062313275279 0.000056142950180 0.000050044739372 0.000044073801658 0.000038308512002 0.000032837769421 0.000027747943105 0.000023111648149 0.000018980028804 0.000015379412422 0.000012312317205 0.000009762079711 0.000007699957893 0.000006093481327 0.000004914978000 0.000004149470476
0.000004358535086 0.000004104729342 0.000004286239265 0.000004949997518 0.000006163223926 0.000008010369841 0.000010588054870 0.000013998122653 0.000018339133708 0.000023696816412 0.000030134176687 0.000037682089228 0.000046331232224 0.000056026171513 0.000066662250038 0.000078085711703 0.000090097210529 0.000102458561451 0.000114902309822 0.000127143464994 0.000138892578377 0.000149869262573 0.000159815244096 0.000168506112719 0.000175761058609 0.000181450058644 0.000185498164480 0.000187886742446 0.000188651703270 0.000187878930135 0.000185697259206 0.000182269485742 0.000177781959932 0.000172433400006 0.000166423586645 0.000159942611063 0.000153161329283 0.000146223623160 0.000139240983425 0.000132289806326 0.000125411633220 0.000118616359636 0.000111888203161 0.000105193956675 0.000098492786691 0.000091746595327 0.000084929792636 0.000078037272546 0.000071089498777 0.000064133914557 0.000057242382552 0.000050504975974 0.000044021064027 0.000037889119952 0.000032196898428 0.000027013512425 0.000022384515190 0.000018330477088 0.000014848908049 0.000011918870688 0.000009507352420 0.000007576425632 0.000006090361909 0.000005022082569
0.000005365062743 0.000004840885211 0.000004751644861 0.000005128943575 0.000006022144300 0.000007496102221 0.000009627224349 0.000012497945943 0.000016189868472 0.000020775973873 0.000026312484118 0.000032831043331 0.000040331937423 0.000048779020656 0.000058096889909 0.000068170651337 0.000078848385384 0.000089946167900 0.000101255277734 0.000112551042763 0.000123602661689 0.000134183296355 0.000144079752194 0.000153101143364 0.000161086055718 0.000167907860368 0.000173477975827 0.000177747017600 0.000180703900728 0.000182373070137 0.000182810122667 0.000182096154303 0.000180331216885 0.000177627301592 0.000174101282776 0.000169868254636 0.000165035674560 0.000159698688061 0.000153936949822 0.000147813169758 0.000141373501895 0.000134649755751 0.000127663249758 0.000120429950973 0.000112966371667 0.000105295543472 0.000097452295234 0.000089487054639 0.000081467506181 0.000073477681621 0.000065614419137 0.000057981552421 0.000050682598823 0.000043813009018 0.000037453139723 0.000031662980159 0.000026479332162 0.000021915697903 0.000017964683561 0.000014602384317 0.000011794035683 0.000009500200174 0.000007682862643 0.000006310965194
0.000006860590306 0.000006125164022 0.000005885854534 0.000006180106269 0.000007064562738 0.000008612981615 0.000010912167069 0.000014055916347 0.000018137200597 0.000023239058374 0.000029424928814 0.000036729337656 0.000045149925093 0.000054641740313 0.000065114519969 0.000076433344929 0.000088422683110 0.000100873443172 0.000113552346428 0.000126212721028 0.000138605752047 0.000150491278989 0.000161647387262 0.000171878254026 0.000181019937406 0.000188944009526 0.000195559104641 0.000200810576999 0.000204678539449 0.000207174593018 0.000208337569785 0.000208228607523 0.000206925862527 0.000204519151539 0.000201104797079 0.000196780931455 0.000191643491957 0.000185783108781 0.000179283045860 0.000172218298294 0.000164655877806 0.000156656227801 0.000148275606365 0.000139569164231 0.000130594338468 0.000121414097188 0.000112099528065 0.000102731284519 0.000093399505295 0.000084202008692 0.000075240816334 0.000066617343819 0.000058426850884 0.000050752910021 0.000043662683972 0.000037203683810 0.000031402437254 0.000026265190461 0.000021780471237 0.000017923120604 0.000014659288002 0.000011951879423 0.000009766015525 0.000008074151430
0.000008906631592 0.000008006622433 0.000007725981296 0.000008129921271 0.000009308701828 0.000011375153224 0.000014459110479 0.000018698547568 0.000024227630660 0.000031162441036 0.000039585658803 0.000049531924729 0.000060975786224 0.000073824000932 0.000087913500800 0.000103015580419 0.000118846003508 0.000135079899382 0.000151369709427 0.000167364153983 0.000182726247979 0.000197148749419 0.000210365966616 0.000222161450469 0.000232371639745 0.000240885935037 0.000247643918481 0.000252630521854 0.000255869910005 0.000257418735849 0.000257359280520 0.000255792850451 0.000252833682864 0.000248603520053 0.000243226951452 0.000236827583955 0.000229525078207 0.000221433071646 0.000212657991838 0.000203298738715 0.000193447179616 0.000183189354131 0.000172607229958 0.000161780790397 0.000150790178742 0.000139717585551 0.000128648556353 0.000117672431633 0.000106881716807 0.000096370315090 0.000086230727461 0.000076550503095 0.000067408375349 0.000058870605718 0.000050988057285 0.000043794425854 0.000037305892703 0.000031522266741 0.000026429502441 0.000022003349617 0.000018213829342 0.000015030228927 0.000012426341962 0.000010385711163
0.000011581084794 0.000010559668330 0.000010348733395 0.000011066115561 0.000012865842846 0.000015934583377 0.000020482799236 0.000026729992385 0.000034884275708 0.000045117611975 0.000057539232882 0.000072170693024 0.000088926428314 0.000107603361395 0.000127881984006 0.000149339626698 0.000171474658610 0.000193738597701 0.000215571952287 0.000236439294261 0.000255859583561 0.000273428920666 0.000288834366434 0.000301858893603 0.000312378653724 0.000320354421048 0.000325819303014 0.000328864673177 0.000329625920124 0.000328269147765 0.000324979514594 0.000319951525568 0.000313381319109 0.000305460820903 0.000296373550372 0.000286291839170 0.000275375232136 0.000263769868180 0.000251608668677 0.000239012183186 0.000226089953242 0.000212942252323 0.000199662047153 0.000186337006223 0.000173051363757 0.000159887439171 0.000146926623091 0.000134249677744 0.000121936266175 0.000110063717562 0.000098705145079 0.000087927139907 0.000077787349516 0.000068332289979 0.000059595730396 0.000051597923567 0.000044345856998 0.000037834586778 0.000032049621000 0.000026970257857 0.000022573761488 0.000018840262948 0.000015758278486 0.000013330708172
0.000014970586909 0.000013875211907 0.000013859030042 0.000015121954919 0.000017917732031 0.000022548347686 0.000029349386775 0.000038665018414 0.000050812894332 0.000066041430884 0.000084484297133 0.000106118829104 0.000130735863130 0.000157927651551 0.000187098014784 0.000217495140171 0.000248263325221 0.000278506526464 0.000307354675494 0.000334023773265 0.000357862607302 0.000378381930429 0.000395265247976 0.000408363210016 0.000417675496906 0.000423324869661 0.000425527878492 0.000424565897452 0.000420759036374 0.000414444362940 0.000405958937804 0.000395627501169 0.000383754253294 0.000370617993619 0.000356469862307 0.000341532998773 0.000326003547138 0.000310052561348 0.000293828474198 0.000277459882644 0.000261058465417 0.000244721888723 0.000228536577689 0.000212580240828 0.000196924039991 0.000181634305819 0.000166773715473 0.000152401879488 0.000138575329887 0.000125346959235 0.000112765023634 0.000100871881215 0.000089702680516 0.000079284230704 0.000069634274637 0.000060761349864 0.000052665373404 0.000045339038799 0.000038770083572 0.000032944479323 0.000027850611647 0.000023484533728 0.000019856363490 0.000016997806855
0.000019160922939 0.000018050101647 0.000018376858654 0.000020458294243 0.000024690770844 0.000031540843149 0.000041521209570 0.000055149242346 0.000072888548887 0.000095078061987 0.000121857547758 0.000153101908388 0.000188377875044 0.000226934680533 0.000267734999564 0.000309524897427 0.000350933656405 0.000390588344544 0.000427225500886 0.000459783875919 0.000487467062047 0.000509771461739 0.000526481503032 0.000537638841165 0.000543494760538 0.000544455172049 0.000541026101753 0.000533765203620 0.000523242348388 0.000510010239054 0.000494584517191 0.000477431964013 0.000458965057863 0.000439541161909 0.000419464833145 0.000398992044486 0.000378335420066 0.000357669854104 0.000337138099808 0.000316856073182 0.000296917725123 0.000277399403142 0.000258363662996 0.000239862510411 0.000221940062978 0.000204634629528 0.000187980214152 0.000172007468113 0.000156744135900 0.000142215070317 0.000128441921718 0.000115442633407 0.000103230893456 0.000091815699713 0.000081201189896 0.000071386877024 0.000062368420773 0.000054139067698 0.000046691915971 0.000040023204544 0.000034136882266 0.000029050752405 0.000024804467424 0.000021469505230
